0.1;3.30518e+06;-1;0;
0.100462;3.2991e+06;-1;0;
0.100925;3.29297e+06;-1;0;
0.101391;3.2868e+06;-1;0;
0.101859;3.28059e+06;-1;0;
0.102329;3.27433e+06;-1;0;
0.102802;3.26803e+06;-1;0;
0.103276;3.26168e+06;-1;0;
0.103753;3.25529e+06;-1;0;
0.104232;3.24886e+06;-1;0;
0.104713;3.24238e+06;-1;0;
0.105196;3.23585e+06;-1;0;
0.105682;3.22928e+06;-1;0;
0.10617;3.22266e+06;-1;0;
0.10666;3.216e+06;-1;0;
0.107152;3.20929e+06;-1;0;
0.107647;3.20254e+06;-1;0;
0.108143;3.19574e+06;-1;0;
0.108643;3.18889e+06;-1;0;
0.109144;3.182e+06;-1;0;
0.109648;3.17506e+06;-1;0;
0.110154;3.16807e+06;-1;0;
0.110662;3.16104e+06;-1;0;
0.111173;3.15395e+06;-1;0;
0.111686;3.14683e+06;-1;0;
0.112202;3.13965e+06;-1;0;
0.11272;3.13243e+06;-1;0;
0.11324;3.12515e+06;-1;0;
0.113763;3.11784e+06;-1;0;
0.114288;3.11047e+06;-1;0;
0.114815;3.10305e+06;-1;0;
0.115345;3.09559e+06;-1;0;
0.115878;3.08808e+06;-1;0;
0.116413;3.08052e+06;-1;0;
0.11695;3.07291e+06;-1;0;
0.11749;3.06525e+06;-1;0;
0.118032;3.05754e+06;-1;0;
0.118577;3.04978e+06;-1;0;
0.119124;3.04198e+06;-1;0;
0.119674;3.03412e+06;-1;0;
0.120226;3.02622e+06;-1;0;
0.120781;3.01827e+06;-1;0;
0.121339;3.01026e+06;-1;0;
0.121899;3.00221e+06;-1;0;
0.122462;2.99411e+06;-1;0;
0.123027;2.98596e+06;-1;0;
0.123595;2.97776e+06;-1;0;
0.124165;2.96951e+06;-1;0;
0.124738;2.96121e+06;-1;0;
0.125314;2.95285e+06;-1;0;
0.125893;2.94445e+06;-1;0;
0.126474;2.936e+06;-1;0;
0.127057;2.9275e+06;-1;0;
0.127644;2.91895e+06;-1;0;
0.128233;2.91035e+06;-1;0;
0.128825;2.9017e+06;-1;0;
0.12942;2.89299e+06;-1;0;
0.130017;2.88424e+06;-1;0;
0.130617;2.87544e+06;-1;0;
0.13122;2.86659e+06;-1;0;
0.131826;2.85768e+06;-1;0;
0.132434;2.84873e+06;-1;0;
0.133045;2.83973e+06;-1;0;
0.13366;2.83067e+06;-1;0;
0.134276;2.82157e+06;-1;0;
0.134896;2.81242e+06;-1;0;
0.135519;2.80321e+06;-1;0;
0.136144;2.79396e+06;-1;0;
0.136773;2.78465e+06;-1;0;
0.137404;2.7753e+06;-1;0;
0.138038;2.7659e+06;-1;0;
0.138676;2.75644e+06;-1;0;
0.139316;2.74694e+06;-1;0;
0.139959;2.73739e+06;-1;0;
0.140605;2.72778e+06;-1;0;
0.141254;2.71813e+06;-1;0;
0.141906;2.70843e+06;-1;0;
0.142561;2.69868e+06;-1;0;
0.143219;2.68888e+06;-1;0;
0.14388;2.67903e+06;-1;0;
0.144544;2.66914e+06;-1;0;
0.145211;2.65919e+06;-1;0;
0.145881;2.6492e+06;-1;0;
0.146555;2.63915e+06;-1;0;
0.147231;2.62906e+06;-1;0;
0.147911;2.61892e+06;-1;0;
0.148594;2.60874e+06;-1;0;
0.149279;2.5985e+06;-1;0;
0.149968;2.58822e+06;-1;0;
0.150661;2.57789e+06;-1;0;
0.151356;2.56752e+06;-1;0;
0.152055;2.55709e+06;-1;0;
0.152757;2.54662e+06;-1;0;
0.153462;2.53611e+06;-1;0;
0.15417;2.52555e+06;-1;0;
0.154882;2.51494e+06;-1;0;
0.155597;2.50429e+06;-1;0;
0.156315;2.49359e+06;-1;0;
0.157036;2.48285e+06;-1;0;
0.157761;2.47206e+06;-1;0;
0.158489;2.46123e+06;-1;0;
0.159221;2.45036e+06;-1;0;
0.159956;2.43944e+06;-1;0;
0.160694;2.42848e+06;-1;0;
0.161436;2.41748e+06;-1;0;
0.162181;2.40643e+06;-1;0;
0.16293;2.39534e+06;-1;0;
0.163682;2.38421e+06;-1;0;
0.164437;2.37304e+06;-1;0;
0.165196;2.36183e+06;-1;0;
0.165959;2.35058e+06;-1;0;
0.166725;2.33928e+06;-1;0;
0.167494;2.32795e+06;-1;0;
0.168267;2.31658e+06;-1;0;
0.169044;2.30517e+06;-1;0;
0.169824;2.29372e+06;-1;0;
0.170608;2.28224e+06;-1;0;
0.171396;2.27072e+06;-1;0;
0.172187;2.25916e+06;-1;0;
0.172982;2.24756e+06;-1;0;
0.17378;2.23593e+06;-1;0;
0.174582;2.22426e+06;-1;0;
0.175388;2.21256e+06;-1;0;
0.176198;2.20083e+06;-1;0;
0.177011;2.18906e+06;-1;0;
0.177828;2.17726e+06;-1;0;
0.178649;2.16543e+06;-1;0;
0.179473;2.15356e+06;-1;0;
0.180302;2.14167e+06;-1;0;
0.181134;2.12974e+06;-1;0;
0.18197;2.11779e+06;-1;0;
0.18281;2.10581e+06;-1;0;
0.183654;2.09379e+06;-1;0;
0.184502;2.08175e+06;-1;0;
0.185353;2.06969e+06;-1;0;
0.186209;2.05759e+06;-1;0;
0.187068;2.04547e+06;-1;0;
0.187932;2.03333e+06;-1;0;
0.188799;2.02116e+06;-1;0;
0.189671;2.00897e+06;-1;0;
0.190546;1.99676e+06;-1;0;
0.191426;1.98452e+06;-1;0;
0.192309;1.97227e+06;-1;0;
0.193197;1.95999e+06;-1;0;
0.194089;1.94769e+06;-1;0;
0.194984;1.93538e+06;-1;0;
0.195884;1.92304e+06;-1;0;
0.196789;1.91069e+06;-1;0;
0.197697;1.89833e+06;-1;0;
0.198609;1.88595e+06;-1;0;
0.199526;1.87355e+06;-1;0;
0.200447;1.86114e+06;-1;0;
0.201372;1.84872e+06;-1;0;
0.202302;1.83629e+06;-1;0;
0.203236;1.82384e+06;-1;0;
0.204174;1.81138e+06;-1;0;
0.205116;1.79892e+06;-1;0;
0.206063;1.78645e+06;-1;0;
0.207014;1.77397e+06;-1;0;
0.20797;1.76148e+06;-1;0;
0.20893;1.74899e+06;-1;0;
0.209894;1.73649e+06;-1;0;
0.210863;1.724e+06;-1;0;
0.211836;1.71149e+06;-1;0;
0.212814;1.69899e+06;-1;0;
0.213796;1.68649e+06;-1;0;
0.214783;1.67398e+06;-1;0;
0.215774;1.66148e+06;-1;0;
0.21677;1.64898e+06;-1;0;
0.217771;1.63649e+06;-1;0;
0.218776;1.62399e+06;-1;0;
0.219786;1.61151e+06;-1;0;
0.2208;1.59903e+06;-1;0;
0.22182;1.58656e+06;-1;0;
0.222844;1.57409e+06;-1;0;
0.223872;1.56164e+06;-1;0;
0.224905;1.5492e+06;-1;0;
0.225944;1.53677e+06;-1;0;
0.226986;1.52435e+06;-1;0;
0.228034;1.51194e+06;-1;0;
0.229087;1.49956e+06;-1;0;
0.230144;1.48718e+06;-1;0;
0.231206;1.47483e+06;-1;0;
0.232274;1.46249e+06;-1;0;
0.233346;1.45017e+06;-1;0;
0.234423;1.43787e+06;-1;0;
0.235505;1.42559e+06;-1;0;
0.236592;1.41334e+06;-1;0;
0.237684;1.40111e+06;-1;0;
0.238781;1.3889e+06;-1;0;
0.239883;1.37672e+06;-1;0;
0.240991;1.36457e+06;-1;0;
0.242103;1.35244e+06;-1;0;
0.24322;1.34034e+06;-1;0;
0.244343;1.32828e+06;-1;0;
0.245471;1.31624e+06;-1;0;
0.246604;1.30424e+06;-1;0;
0.247742;1.29226e+06;-1;0;
0.248886;1.28033e+06;-1;0;
0.250035;1.26843e+06;-1;0;
0.251189;1.25656e+06;-1;0;
0.252348;1.24473e+06;-1;0;
0.253513;1.23294e+06;-1;0;
0.254683;1.22119e+06;-1;0;
0.255859;1.20948e+06;-1;0;
0.25704;1.19781e+06;-1;0;
0.258226;1.18618e+06;-1;0;
0.259418;1.17459e+06;-1;0;
0.260615;1.16305e+06;-1;0;
0.261818;1.15156e+06;-1;0;
0.263027;1.14011e+06;-1;0;
0.264241;1.1287e+06;-1;0;
0.265461;1.11735e+06;-1;0;
0.266686;1.10604e+06;-1;0;
0.267917;1.09479e+06;-1;0;
0.269153;1.08358e+06;-1;0;
0.270396;1.07242e+06;-1;0;
0.271644;1.06132e+06;-1;0;
0.272898;1.05027e+06;-1;0;
0.274157;1.03928e+06;-1;0;
0.275423;1.02833e+06;-1;0;
0.276694;1.01745e+06;-1;0;
0.277971;1.00662e+06;-1;0;
0.279254;995846;-1;0;
0.280543;985131;-1;0;
0.281838;974475;-1;0;
0.283139;963877;-1;0;
0.284446;953339;-1;0;
0.285759;942862;-1;0;
0.287078;932445;-1;0;
0.288403;922090;-1;0;
0.289734;911798;-1;0;
0.291072;901568;-1;0;
0.292415;891401;-1;0;
0.293765;881299;-1;0;
0.295121;871261;-1;0;
0.296483;861287;-1;0;
0.297852;851379;-1;0;
0.299226;841537;-1;0;
0.300608;831760;-1;0;
0.301995;822051;-1;0;
0.303389;812408;-1;0;
0.304789;802832;-1;0;
0.306196;793324;-1;0;
0.30761;783884;-1;0;
0.30903;774512;-1;0;
0.310456;765208;-1;0;
0.311889;755972;-1;0;
0.313329;746806;-1;0;
0.314775;737708;-1;0;
0.316228;728679;-1;0;
0.317687;719719;-1;0;
0.319154;710829;-1;0;
0.320627;702007;-1;0;
0.322107;693255;-1;0;
0.323594;684573;-1;0;
0.325087;675959;-1;0;
0.326588;667415;-1;0;
0.328095;658940;-1;0;
0.32961;650534;-1;0;
0.331131;642197;-1;0;
0.33266;633929;-1;0;
0.334195;625729;-1;0;
0.335738;617598;-1;0;
0.337287;609535;-1;0;
0.338844;601541;-1;0;
0.340408;593614;-1;0;
0.341979;585756;-1;0;
0.343558;577962;-1;0;
0.345144;570237;-1;0;
0.346737;562578;-1;0;
0.348337;554986;-1;0;
0.349945;547459;-1;0;
0.35156;539998;-1;0;
0.353183;532602;-1;0;
0.354813;525270;-1;0;
0.356451;518003;-1;0;
0.358096;510799;-1;0;
0.359749;503659;-1;0;
0.36141;496582;-1;0;
0.363078;489567;-1;0;
0.364754;482613;-1;0;
0.366438;475721;-1;0;
0.368129;468890;-1;0;
0.369828;462119;-1;0;
0.371535;455408;-1;0;
0.37325;448756;-1;0;
0.374973;442163;-1;0;
0.376704;435627;-1;0;
0.378443;429150;-1;0;
0.380189;422729;-1;0;
0.381944;416364;-1;0;
0.383707;410056;-1;0;
0.385478;403802;-1;0;
0.387258;397604;-1;0;
0.389045;391459;-1;0;
0.390841;385368;-1;0;
0.392645;379331;-1;0;
0.394457;373346;-1;0;
0.396278;367412;-1;0;
0.398107;361531;-1;0;
0.399945;355700;-1;0;
0.401791;349920;-1;0;
0.403645;344190;-1;0;
0.405509;338510;-1;0;
0.40738;332878;-1;0;
0.409261;327295;-1;0;
0.41115;321761;-1;0;
0.413048;316274;-1;0;
0.414954;310835;-1;0;
0.416869;305443;-1;0;
0.418794;300097;-1;0;
0.420727;294798;-1;0;
0.422669;289545;-1;0;
0.42462;284338;-1;0;
0.42658;279176;-1;0;
0.428549;274060;-1;0;
0.430527;268988;-1;0;
0.432514;263962;-1;0;
0.43451;258980;-1;0;
0.436516;254043;-1;0;
0.438531;249150;-1;0;
0.440555;244302;-1;0;
0.442588;239498;-1;0;
0.444631;234738;-1;0;
0.446684;230023;-1;0;
0.448745;225352;-1;0;
0.450817;220725;-1;0;
0.452898;216143;-1;0;
0.454988;211605;-1;0;
0.457088;207112;-1;0;
0.459198;202664;-1;0;
0.461318;198260;-1;0;
0.463447;193902;-1;0;
0.465586;189589;-1;0;
0.467735;185322;-1;0;
0.469894;181101;-1;0;
0.472063;176926;-1;0;
0.474242;172797;-1;0;
0.476431;168715;-1;0;
0.47863;164681;-1;0;
0.480839;160694;-1;0;
0.483059;156754;-1;0;
0.485289;152864;-1;0;
0.487528;149022;-1;0;
0.489779;145229;-1;0;
0.49204;141485;-1;0;
0.494311;137792;-1;0;
0.496592;134149;-1;0;
0.498884;130557;-1;0;
0.501187;127016;-1;0;
0.503501;123527;-1;0;
0.505825;120091;-1;0;
0.508159;116707;-1;0;
0.510505;113376;-1;0;
0.512861;110099;-1;0;
0.515229;106875;-1;0;
0.517607;103707;-1;0;
0.519996;100593;-1;0;
0.522396;97533.7;-1;0;
0.524807;94530.5;-1;0;
0.52723;91583.3;-1;0;
0.529663;88692.3;-1;0;
0.532108;85858;-1;0;
0.534564;83080.5;-1;0;
0.537032;80360.1;-1;0;
0.539511;77697.1;-1;0;
0.542001;75091.7;-1;0;
0.544503;72544;-1;0;
0.547016;70054.2;-1;0;
0.549541;67622.4;-1;0;
0.552077;65248.6;-1;0;
0.554626;62932.8;-1;0;
0.557186;60675.1;-1;0;
0.559758;58475.4;-1;0;
0.562341;56333.5;-1;0;
0.564937;54249.4;-1;0;
0.567545;52222.8;-1;0;
0.570164;50253.6;-1;0;
0.572796;48341.3;-1;0;
0.57544;46485.8;-1;0;
0.578096;44686.7;-1;0;
0.580764;42943.4;-1;0;
0.583445;41255.6;-1;0;
0.586138;39622.7;-1;0;
0.588844;38044.3;-1;0;
0.591562;36519.6;-1;0;
0.594292;35048;-1;0;
0.597035;33628.8;-1;0;
0.599791;32261.4;-1;0;
0.60256;30944.8;-1;0;
0.605341;29678.3;-1;0;
0.608135;28461;-1;0;
0.610942;27292.1;-1;0;
0.613762;26170.4;-1;0;
0.616595;25095.2;-1;0;
0.619441;24065.3;-1;0;
0.6223;23079.8;-1;0;
0.625173;22137.5;-1;0;
0.628058;21237.4;-1;0;
0.630957;20378.2;-1;0;
0.63387;19559;-1;0;
0.636796;18778.4;-1;0;
0.639735;18035.4;-1;0;
0.642688;17328.7;-1;0;
0.645654;16657.1;-1;0;
0.648634;16019.4;-1;0;
0.651628;15414.4;-1;0;
0.654636;14840.8;-1;0;
0.657658;14297.5;-1;0;
0.660693;13783.1;-1;0;
0.663743;13296.6;-1;0;
0.666807;12836.6;-1;0;
0.669885;12402.1;-1;0;
0.672977;11991.7;-1;0;
0.676083;11604.5;-1;0;
0.679204;11239.1;-1;0;
0.682339;10894.6;-1;0;
0.685488;10569.8;-1;0;
0.688652;10263.6;-1;0;
0.691831;9975.17;-1;0;
0.695024;9703.34;-1;0;
0.698232;9447.21;-1;0;
0.701455;9205.85;-1;0;
0.704693;8978.37;-1;0;
0.707946;8763.94;-1;0;
0.711214;8561.74;-1;0;
0.714496;8371.01;-1;0;
0.717794;8191.04;-1;0;
0.721107;8021.14;-1;0;
0.724436;7860.68;-1;0;
0.72778;7709.07;-1;0;
0.731139;7565.75;-1;0;
0.734514;7430.22;-1;0;
0.737904;7302.02;-1;0;
0.74131;7180.72;-1;0;
0.744732;7065.94;-1;0;
0.74817;6957.33;-1;0;
0.751623;6854.57;-1;0;
0.755092;6757.41;-1;0;
0.758578;6665.6;-1;0;
0.762079;6578.93;-1;0;
0.765597;6497.22;-1;0;
0.76913;6420.32;-1;0;
0.772681;6348.11;-1;0;
0.776247;6280.48;-1;0;
0.77983;6217.34;-1;0;
0.78343;6158.63;-1;0;
0.787046;6104.3;-1;0;
0.790679;6054.28;-1;0;
0.794328;6008.57;-1;0;
0.797995;5967.12;-1;0;
0.801678;5929.91;-1;0;
0.805378;5896.91;-1;0;
0.809096;5868.1;-1;0;
0.812831;5843.44;-1;0;
0.816582;5822.9;-1;0;
0.820352;5806.43;-1;0;
0.824138;5793.96;-1;0;
0.827942;5785.43;-1;0;
0.831764;5780.75;-1;0;
0.835603;5779.82;-1;0;
0.83946;5782.51;-1;0;
0.843335;5788.69;-1;0;
0.847227;5798.2;-1;0;
0.851138;5810.86;-1;0;
0.855067;5826.48;-1;0;
0.859014;5844.85;-1;0;
0.862979;5865.72;-1;0;
0.866962;5888.85;-1;0;
0.870964;5913.96;-1;0;
0.874984;5940.77;-1;0;
0.879023;5968.98;-1;0;
0.88308;5998.26;-1;0;
0.887156;6028.3;-1;0;
0.891251;6058.75;-1;0;
0.895365;6089.26;-1;0;
0.899498;6119.5;-1;0;
0.903649;6149.09;-1;0;
0.907821;6177.7;-1;0;
0.912011;6204.96;-1;0;
0.91622;6230.53;-1;0;
0.92045;6254.07;-1;0;
0.924698;6275.25;-1;0;
0.928966;6293.76;-1;0;
0.933254;6309.29;-1;0;
0.937562;6321.56;-1;0;
0.94189;6330.3;-1;0;
0.946237;6335.29;-1;0;
0.950605;6336.31;-1;0;
0.954993;6333.15;-1;0;
0.959401;6325.68;-1;0;
0.963829;6313.76;-1;0;
0.968278;6297.28;-1;0;
0.972747;6276.18;-1;0;
0.977237;6250.43;-1;0;
0.981748;6220.02;-1;0;
0.986279;6184.98;-1;0;
0.990832;6145.37;-1;0;
0.995405;6101.29;-1;0;
1;6052.86;-1;0;
1.00462;6000.23;-1;0;
1.00925;5943.58;-1;0;
1.01391;5883.12;-1;0;
1.01859;5819.08;-1;0;
1.02329;5751.7;-1;0;
1.02802;5681.26;-1;0;
1.03276;5608.05;-1;0;
1.03753;5532.36;-1;0;
1.04232;5454.5;-1;0;
1.04713;5374.8;-1;0;
1.05196;5293.57;-1;0;
1.05682;5211.13;-1;0;
1.0617;5127.81;-1;0;
1.0666;5043.93;-1;0;
1.07152;4959.79;-1;0;
1.07647;4875.7;-1;0;
1.08143;4791.94;-1;0;
1.08643;4708.79;-1;0;
1.09144;4626.49;-1;0;
1.09648;4545.3;-1;0;
1.10154;4465.42;-1;0;
1.10662;4387.04;-1;0;
1.11173;4310.34;-1;0;
1.11686;4235.47;-1;0;
1.12202;4162.55;-1;0;
1.1272;4091.69;-1;0;
1.1324;4022.94;-1;0;
1.13763;3956.38;-1;0;
1.14288;3892.04;-1;0;
1.14815;3829.91;-1;0;
1.15345;3770;-1;0;
1.15878;3712.26;-1;0;
1.16413;3656.67;-1;0;
1.1695;3603.16;-1;0;
1.1749;3551.65;-1;0;
1.18032;3502.07;-1;0;
1.18577;3454.32;-1;0;
1.19124;3408.31;-1;0;
1.19674;3363.93;-1;0;
1.20226;3321.08;-1;0;
1.20781;3279.65;-1;0;
1.21339;3239.55;-1;0;
1.21899;3200.67;-1;0;
1.22462;3162.93;-1;0;
1.23027;3126.23;-1;0;
1.23595;3090.5;-1;0;
1.24165;3055.66;-1;0;
1.24738;3021.65;-1;0;
1.25314;2988.42;-1;0;
1.25893;2955.92;-1;0;
1.26474;2924.13;-1;0;
1.27057;2893.02;-1;0;
1.27644;2862.56;-1;0;
1.28233;2832.76;-1;0;
1.28825;2803.61;-1;0;
1.2942;2775.12;-1;0;
1.30017;2747.3;-1;0;
1.30617;2720.16;-1;0;
1.3122;2693.72;-1;0;
1.31826;2667.99;-1;0;
1.32434;2643;-1;0;
1.33045;2618.77;-1;0;
1.3366;2595.3;-1;0;
1.34276;2572.62;-1;0;
1.34896;2550.73;-1;0;
1.35519;2529.64;-1;0;
1.36144;2509.34;-1;0;
1.36773;2489.82;-1;0;
1.37404;2471.09;-1;0;
1.38038;2453.11;-1;0;
1.38676;2435.87;-1;0;
1.39316;2419.34;-1;0;
1.39959;2403.49;-1;0;
1.40605;2388.27;-1;0;
1.41254;2373.64;-1;0;
1.41906;2359.57;-1;0;
1.42561;2346;-1;0;
1.43219;2332.88;-1;0;
1.4388;2320.18;-1;0;
1.44544;2307.84;-1;0;
1.45211;2295.81;-1;0;
1.45881;2284.05;-1;0;
1.46555;2272.52;-1;0;
1.47231;2261.18;-1;0;
1.47911;2250;-1;0;
1.48594;2238.93;-1;0;
1.49279;2227.96;-1;0;
1.49968;2217.06;-1;0;
1.50661;2206.21;-1;0;
1.51356;2195.39;-1;0;
1.52055;2184.58;-1;0;
1.52757;2173.79;-1;0;
1.53462;2162.99;-1;0;
1.5417;2152.18;-1;0;
1.54882;2141.37;-1;0;
1.55597;2130.53;-1;0;
1.56315;2119.68;-1;0;
1.57036;2108.8;-1;0;
1.57761;2097.89;-1;0;
1.58489;2086.96;-1;0;
1.59221;2075.99;-1;0;
1.59956;2064.98;-1;0;
1.60694;2053.93;-1;0;
1.61436;2042.83;-1;0;
1.62181;2031.67;-1;0;
1.6293;2020.45;-1;0;
1.63682;2009.17;-1;0;
1.64437;1997.83;-1;0;
1.65196;1986.41;-1;0;
1.65959;1974.93;-1;0;
1.66725;1963.38;-1;0;
1.67494;1951.78;-1;0;
1.68267;1940.12;-1;0;
1.69044;1928.41;-1;0;
1.69824;1916.68;-1;0;
1.70608;1904.94;-1;0;
1.71396;1893.2;-1;0;
1.72187;1881.48;-1;0;
1.72982;1869.81;-1;0;
1.7378;1858.2;-1;0;
1.74582;1846.67;-1;0;
1.75388;1835.24;-1;0;
1.76198;1823.93;-1;0;
1.77011;1812.75;-1;0;
1.77828;1801.7;-1;0;
1.78649;1790.81;-1;0;
1.79473;1780.05;-1;0;
1.80302;1769.44;-1;0;
1.81134;1758.96;-1;0;
1.8197;1748.59;-1;0;
1.8281;1738.33;-1;0;
1.83654;1728.15;-1;0;
1.84502;1718.02;-1;0;
1.85353;1707.92;-1;0;
1.86209;1697.84;-1;0;
1.87068;1687.74;-1;0;
1.87932;1677.61;-1;0;
1.88799;1667.43;-1;0;
1.89671;1657.19;-1;0;
1.90546;1646.9;-1;0;
1.91426;1636.55;-1;0;
1.92309;1626.16;-1;0;
1.93197;1615.76;-1;0;
1.94089;1605.38;-1;0;
1.94984;1595.05;-1;0;
1.95884;1584.82;-1;0;
1.96789;1574.74;-1;0;
1.97697;1564.88;-1;0;
1.98609;1555.27;-1;0;
1.99526;1545.99;-1;0;
2.00447;1537.07;-1;0;
2.01372;1528.57;-1;0;
2.02302;1520.52;-1;0;
2.03236;1512.95;-1;0;
2.04174;1505.87;-1;0;
2.05116;1499.27;-1;0;
2.06063;1493.15;-1;0;
2.07014;1487.46;-1;0;
2.0797;1482.16;-1;0;
2.0893;1477.19;-1;0;
2.09894;1472.48;-1;0;
2.10863;1467.92;-1;0;
2.11836;1463.45;-1;0;
2.12814;1458.96;-1;0;
2.13796;1454.35;-1;0;
2.14783;1449.54;-1;0;
2.15774;1444.45;-1;0;
2.1677;1439;-1;0;
2.17771;1433.14;-1;0;
2.18776;1426.83;-1;0;
2.19786;1420.05;-1;0;
2.208;1412.8;-1;0;
2.2182;1405.09;-1;0;
2.22844;1396.98;-1;0;
2.23872;1388.5;-1;0;
2.24905;1379.72;-1;0;
2.25944;1370.73;-1;0;
2.26986;1361.58;-1;0;
2.28034;1352.36;-1;0;
2.29087;1343.15;-1;0;
2.30144;1333.99;-1;0;
2.31206;1324.93;-1;0;
2.32274;1315.99;-1;0;
2.33346;1307.19;-1;0;
2.34423;1298.49;-1;0;
2.35505;1289.86;-1;0;
2.36592;1281.23;-1;0;
2.37684;1272.54;-1;0;
2.38781;1263.67;-1;0;
2.39883;1254.54;-1;0;
2.40991;1245.04;-1;0;
2.42103;1235.07;-1;0;
2.4322;1224.56;-1;0;
2.44343;1213.44;-1;0;
2.45471;1201.66;-1;0;
2.46604;1189.23;-1;0;
2.47742;1176.16;-1;0;
2.48886;1162.51;-1;0;
2.50035;1148.38;-1;0;
2.51189;1133.89;-1;0;
2.52348;1119.19;-1;0;
2.53513;1104.46;-1;0;
2.54683;1089.86;-1;0;
2.55859;1075.6;-1;0;
2.5704;1061.85;-1;0;
2.58226;1048.77;-1;0;
2.59418;1036.5;-1;0;
2.60615;1025.16;-1;0;
2.61818;1014.8;-1;0;
2.63027;1005.46;-1;0;
2.64241;997.111;-1;0;
2.65461;989.709;-1;0;
2.66686;983.157;-1;0;
2.67917;977.332;-1;0;
2.69153;972.088;-1;0;
2.70396;967.27;-1;0;
2.71644;962.722;-1;0;
2.72898;958.298;-1;0;
2.74157;953.872;-1;0;
2.75423;949.348;-1;0;
2.76694;944.665;-1;0;
2.77971;939.8;-1;0;
2.79254;934.77;-1;0;
2.80543;929.625;-1;0;
2.81838;924.448;-1;0;
2.83139;919.342;-1;0;
2.84446;914.419;-1;0;
2.85759;909.791;-1;0;
2.87078;905.556;-1;0;
2.88403;901.785;-1;0;
2.89734;898.513;-1;0;
2.91072;895.734;-1;0;
2.92415;893.394;-1;0;
2.93765;891.393;-1;0;
2.95121;889.585;-1;0;
2.96483;887.792;-1;0;
2.97852;885.809;-1;0;
2.99226;883.423;-1;0;
3.00608;880.423;-1;0;
3.01995;876.618;-1;0;
3.03389;871.855;-1;0;
3.04789;866.024;-1;0;
3.06196;859.075;-1;0;
3.0761;851.015;-1;0;
3.0903;841.916;-1;0;
3.10456;831.905;-1;0;
3.11889;821.157;-1;0;
3.13329;809.88;-1;0;
3.14775;798.302;-1;0;
3.16228;786.652;-1;0;
3.17687;775.142;-1;0;
3.19154;763.954;-1;0;
3.20627;753.224;-1;0;
3.22107;743.04;-1;0;
3.23594;733.431;-1;0;
3.25087;724.376;-1;0;
3.26588;715.807;-1;0;
3.28095;707.625;-1;0;
3.2961;699.711;-1;0;
3.31131;691.945;-1;0;
3.3266;684.226;-1;0;
3.34195;676.482;-1;0;
3.35738;668.682;-1;0;
3.37287;660.847;-1;0;
3.38844;653.047;-1;0;
3.40408;645.398;-1;0;
3.41979;638.049;-1;0;
3.43558;631.17;-1;0;
3.45144;624.932;-1;0;
3.46737;619.486;-1;0;
3.48337;614.946;-1;0;
3.49945;611.375;-1;0;
3.5156;608.769;-1;0;
3.53183;607.06;-1;0;
3.54813;606.111;-1;0;
3.56451;605.729;-1;0;
3.58096;605.682;-1;0;
3.59749;605.715;-1;0;
3.6141;605.573;-1;0;
3.63078;605.025;-1;0;
3.64754;603.884;-1;0;
3.66438;602.019;-1;0;
3.68129;599.367;-1;0;
3.69828;595.934;-1;0;
3.71535;591.785;-1;0;
3.7325;587.037;-1;0;
3.74973;581.834;-1;0;
3.76704;576.332;-1;0;
3.78443;570.675;-1;0;
3.80189;564.974;-1;0;
3.81944;559.297;-1;0;
3.83707;553.661;-1;0;
3.85478;548.032;-1;0;
3.87258;542.335;-1;0;
3.89045;536.465;-1;0;
3.90841;530.314;-1;0;
3.92645;523.788;-1;0;
3.94457;516.827;-1;0;
3.96278;509.423;-1;0;
3.98107;501.63;-1;0;
3.99945;493.563;-1;0;
4.01791;485.392;-1;0;
4.03645;477.325;-1;0;
4.05509;469.587;-1;0;
4.0738;462.394;-1;0;
4.09261;455.928;-1;0;
4.1115;450.315;-1;0;
4.13048;445.613;-1;0;
4.14954;441.801;-1;0;
4.16869;438.789;-1;0;
4.18794;436.426;-1;0;
4.20727;434.527;-1;0;
4.22669;432.893;-1;0;
4.2462;431.338;-1;0;
4.2658;429.716;-1;0;
4.28549;427.929;-1;0;
4.30527;425.942;-1;0;
4.32514;423.772;-1;0;
4.3451;421.483;-1;0;
4.36516;419.157;-1;0;
4.38531;416.877;-1;0;
4.40555;414.703;-1;0;
4.42588;412.649;-1;0;
4.44631;410.68;-1;0;
4.46684;408.703;-1;0;
4.48745;406.589;-1;0;
4.50817;404.18;-1;0;
4.52898;401.327;-1;0;
4.54988;397.906;-1;0;
4.57088;393.849;-1;0;
4.59198;389.154;-1;0;
4.61318;383.894;-1;0;
4.63447;378.207;-1;0;
4.65586;372.279;-1;0;
4.67735;366.318;-1;0;
4.69894;360.523;-1;0;
4.72063;355.056;-1;0;
4.74242;350.023;-1;0;
4.76431;345.466;-1;0;
4.7863;341.36;-1;0;
4.80839;337.629;-1;0;
4.83059;334.171;-1;0;
4.85289;330.883;-1;0;
4.87528;327.685;-1;0;
4.89779;324.543;-1;0;
4.9204;321.467;-1;0;
4.94311;318.517;-1;0;
4.96592;315.779;-1;0;
4.98884;313.342;-1;0;
5.01187;311.276;-1;0;
5.03501;309.605;-1;0;
5.05825;308.293;-1;0;
5.08159;307.244;-1;0;
5.10505;306.314;-1;0;
5.12861;305.334;-1;0;
5.15229;304.134;-1;0;
5.17607;302.579;-1;0;
5.19996;300.588;-1;0;
5.22396;298.147;-1;0;
5.24807;295.306;-1;0;
5.2723;292.163;-1;0;
5.29663;288.842;-1;0;
5.32108;285.464;-1;0;
5.34564;282.12;-1;0;
5.37032;278.858;-1;0;
5.39511;275.676;-1;0;
5.42001;272.533;-1;0;
5.44503;269.373;-1;0;
5.47016;266.142;-1;0;
5.49541;262.817;-1;0;
5.52077;259.417;-1;0;
5.54626;256.009;-1;0;
5.57186;252.694;-1;0;
5.59758;249.585;-1;0;
5.62341;246.785;-1;0;
5.64937;244.359;-1;0;
5.67545;242.319;-1;0;
5.70164;240.619;-1;0;
5.72796;239.167;-1;0;
5.7544;237.847;-1;0;
5.78096;236.54;-1;0;
5.80764;235.156;-1;0;
5.83445;233.643;-1;0;
5.86138;231.998;-1;0;
5.88844;230.254;-1;0;
5.91562;228.461;-1;0;
5.94292;226.667;-1;0;
5.97035;224.896;-1;0;
5.99791;223.138;-1;0;
6.0256;221.35;-1;0;
6.05341;219.472;-1;0;
6.08135;217.442;-1;0;
6.10942;215.223;-1;0;
6.13762;212.812;-1;0;
6.16595;210.251;-1;0;
6.19441;207.615;-1;0;
6.223;204.997;-1;0;
6.25173;202.485;-1;0;
6.28058;200.139;-1;0;
6.30957;197.986;-1;0;
6.3387;196.01;-1;0;
6.36796;194.171;-1;0;
6.39735;192.416;-1;0;
6.42688;190.702;-1;0;
6.45654;189.006;-1;0;
6.48634;187.335;-1;0;
6.51628;185.716;-1;0;
6.54636;184.181;-1;0;
6.57658;182.755;-1;0;
6.60693;181.438;-1;0;
6.63743;180.202;-1;0;
6.66807;178.995;-1;0;
6.69885;177.754;-1;0;
6.72977;176.424;-1;0;
6.76083;174.972;-1;0;
6.79204;173.394;-1;0;
6.82339;171.715;-1;0;
6.85488;169.981;-1;0;
6.88652;168.238;-1;0;
6.91831;166.52;-1;0;
6.95024;164.84;-1;0;
6.98232;163.191;-1;0;
7.01455;161.55;-1;0;
7.04693;159.898;-1;0;
7.07946;158.226;-1;0;
7.11214;156.545;-1;0;
7.14496;154.888;-1;0;
7.17794;153.294;-1;0;
7.21107;151.8;-1;0;
7.24436;150.424;-1;0;
7.2778;149.161;-1;0;
7.31139;147.982;-1;0;
7.34514;146.845;-1;0;
7.37904;145.71;-1;0;
7.4131;144.551;-1;0;
7.44732;143.363;-1;0;
7.4817;142.16;-1;0;
7.51623;140.961;-1;0;
7.55092;139.785;-1;0;
7.58578;138.63;-1;0;
7.62079;137.479;-1;0;
7.65597;136.303;-1;0;
7.6913;135.071;-1;0;
7.72681;133.769;-1;0;
7.76247;132.405;-1;0;
7.7983;131.008;-1;0;
7.8343;129.62;-1;0;
7.87046;128.276;-1;0;
7.90679;126.996;-1;0;
7.94328;125.778;-1;0;
7.97995;124.6;-1;0;
8.01678;123.442;-1;0;
8.05378;122.291;-1;0;
8.09096;121.152;-1;0;
8.12831;120.049;-1;0;
8.16582;119.006;-1;0;
8.20352;118.039;-1;0;
8.24138;117.139;-1;0;
8.27942;116.275;-1;0;
8.31764;115.405;-1;0;
8.35603;114.492;-1;0;
8.3946;113.52;-1;0;
8.43335;112.498;-1;0;
8.47227;111.452;-1;0;
8.51138;110.407;-1;0;
8.55067;109.374;-1;0;
8.59014;108.344;-1;0;
8.62979;107.295;-1;0;
8.66962;106.209;-1;0;
8.70964;105.089;-1;0;
8.74984;103.963;-1;0;
8.79023;102.876;-1;0;
8.8308;101.867;-1;0;
8.87156;100.95;-1;0;
8.91251;100.112;-1;0;
8.95365;99.3158;-1;0;
8.99498;98.5253;-1;0;
9.03649;97.7243;-1;0;
9.07821;96.922;-1;0;
9.12011;96.1396;-1;0;
9.1622;95.389;-1;0;
9.2045;94.6556;-1;0;
9.24698;93.9005;-1;0;
9.28966;93.0805;-1;0;
9.33254;92.1749;-1;0;
9.37562;91.2008;-1;0;
9.4189;90.2052;-1;0;
9.46237;89.2386;-1;0;
9.50605;88.3278;-1;0;
9.54993;87.4651;-1;0;
9.59401;86.6242;-1;0;
9.63829;85.7876;-1;0;
9.68278;84.9669;-1;0;
9.72747;84.1975;-1;0;
9.77237;83.5121;-1;0;
9.81748;82.91;-1;0;
9.86279;82.3491;-1;0;
9.90832;81.767;-1;0;
9.95405;81.1178;-1;0;
10;80.3974;-1;0;

