0.1;1.24737e+07;-1;0;
0.100462;1.241e+07;-1;0;
0.100925;1.23464e+07;-1;0;
0.101391;1.22828e+07;-1;0;
0.101859;1.22193e+07;-1;0;
0.102329;1.21559e+07;-1;0;
0.102802;1.20925e+07;-1;0;
0.103276;1.20293e+07;-1;0;
0.103753;1.19661e+07;-1;0;
0.104232;1.1903e+07;-1;0;
0.104713;1.18401e+07;-1;0;
0.105196;1.17772e+07;-1;0;
0.105682;1.17145e+07;-1;0;
0.10617;1.16519e+07;-1;0;
0.10666;1.15894e+07;-1;0;
0.107152;1.1527e+07;-1;0;
0.107647;1.14648e+07;-1;0;
0.108143;1.14027e+07;-1;0;
0.108643;1.13408e+07;-1;0;
0.109144;1.1279e+07;-1;0;
0.109648;1.12173e+07;-1;0;
0.110154;1.11558e+07;-1;0;
0.110662;1.10945e+07;-1;0;
0.111173;1.10334e+07;-1;0;
0.111686;1.09724e+07;-1;0;
0.112202;1.09116e+07;-1;0;
0.11272;1.08509e+07;-1;0;
0.11324;1.07905e+07;-1;0;
0.113763;1.07303e+07;-1;0;
0.114288;1.06702e+07;-1;0;
0.114815;1.06104e+07;-1;0;
0.115345;1.05507e+07;-1;0;
0.115878;1.04913e+07;-1;0;
0.116413;1.04321e+07;-1;0;
0.11695;1.03731e+07;-1;0;
0.11749;1.03143e+07;-1;0;
0.118032;1.02558e+07;-1;0;
0.118577;1.01974e+07;-1;0;
0.119124;1.01393e+07;-1;0;
0.119674;1.00815e+07;-1;0;
0.120226;1.00239e+07;-1;0;
0.120781;9.96648e+06;-1;0;
0.121339;9.90935e+06;-1;0;
0.121899;9.85247e+06;-1;0;
0.122462;9.79584e+06;-1;0;
0.123027;9.73947e+06;-1;0;
0.123595;9.68336e+06;-1;0;
0.124165;9.62751e+06;-1;0;
0.124738;9.57192e+06;-1;0;
0.125314;9.5166e+06;-1;0;
0.125893;9.46155e+06;-1;0;
0.126474;9.40677e+06;-1;0;
0.127057;9.35227e+06;-1;0;
0.127644;9.29804e+06;-1;0;
0.128233;9.24408e+06;-1;0;
0.128825;9.19041e+06;-1;0;
0.12942;9.13702e+06;-1;0;
0.130017;9.08391e+06;-1;0;
0.130617;9.03108e+06;-1;0;
0.13122;8.97854e+06;-1;0;
0.131826;8.92628e+06;-1;0;
0.132434;8.87431e+06;-1;0;
0.133045;8.82263e+06;-1;0;
0.13366;8.77124e+06;-1;0;
0.134276;8.72013e+06;-1;0;
0.134896;8.66932e+06;-1;0;
0.135519;8.61879e+06;-1;0;
0.136144;8.56855e+06;-1;0;
0.136773;8.5186e+06;-1;0;
0.137404;8.46894e+06;-1;0;
0.138038;8.41957e+06;-1;0;
0.138676;8.37048e+06;-1;0;
0.139316;8.32168e+06;-1;0;
0.139959;8.27317e+06;-1;0;
0.140605;8.22494e+06;-1;0;
0.141254;8.177e+06;-1;0;
0.141906;8.12933e+06;-1;0;
0.142561;8.08195e+06;-1;0;
0.143219;8.03484e+06;-1;0;
0.14388;7.98801e+06;-1;0;
0.144544;7.94145e+06;-1;0;
0.145211;7.89517e+06;-1;0;
0.145881;7.84916e+06;-1;0;
0.146555;7.80341e+06;-1;0;
0.147231;7.75793e+06;-1;0;
0.147911;7.71271e+06;-1;0;
0.148594;7.66774e+06;-1;0;
0.149279;7.62304e+06;-1;0;
0.149968;7.57858e+06;-1;0;
0.150661;7.53437e+06;-1;0;
0.151356;7.49041e+06;-1;0;
0.152055;7.44669e+06;-1;0;
0.152757;7.40321e+06;-1;0;
0.153462;7.35996e+06;-1;0;
0.15417;7.31695e+06;-1;0;
0.154882;7.27415e+06;-1;0;
0.155597;7.23158e+06;-1;0;
0.156315;7.18923e+06;-1;0;
0.157036;7.14709e+06;-1;0;
0.157761;7.10516e+06;-1;0;
0.158489;7.06343e+06;-1;0;
0.159221;7.0219e+06;-1;0;
0.159956;6.98056e+06;-1;0;
0.160694;6.93942e+06;-1;0;
0.161436;6.89845e+06;-1;0;
0.162181;6.85767e+06;-1;0;
0.16293;6.81706e+06;-1;0;
0.163682;6.77662e+06;-1;0;
0.164437;6.73635e+06;-1;0;
0.165196;6.69623e+06;-1;0;
0.165959;6.65627e+06;-1;0;
0.166725;6.61646e+06;-1;0;
0.167494;6.57678e+06;-1;0;
0.168267;6.53725e+06;-1;0;
0.169044;6.49785e+06;-1;0;
0.169824;6.45858e+06;-1;0;
0.170608;6.41943e+06;-1;0;
0.171396;6.3804e+06;-1;0;
0.172187;6.34148e+06;-1;0;
0.172982;6.30267e+06;-1;0;
0.17378;6.26396e+06;-1;0;
0.174582;6.22535e+06;-1;0;
0.175388;6.18683e+06;-1;0;
0.176198;6.1484e+06;-1;0;
0.177011;6.11006e+06;-1;0;
0.177828;6.07179e+06;-1;0;
0.178649;6.03359e+06;-1;0;
0.179473;5.99547e+06;-1;0;
0.180302;5.95741e+06;-1;0;
0.181134;5.91941e+06;-1;0;
0.18197;5.88147e+06;-1;0;
0.18281;5.84358e+06;-1;0;
0.183654;5.80575e+06;-1;0;
0.184502;5.76795e+06;-1;0;
0.185353;5.73021e+06;-1;0;
0.186209;5.6925e+06;-1;0;
0.187068;5.65483e+06;-1;0;
0.187932;5.61719e+06;-1;0;
0.188799;5.57958e+06;-1;0;
0.189671;5.54201e+06;-1;0;
0.190546;5.50446e+06;-1;0;
0.191426;5.46693e+06;-1;0;
0.192309;5.42943e+06;-1;0;
0.193197;5.39195e+06;-1;0;
0.194089;5.35448e+06;-1;0;
0.194984;5.31704e+06;-1;0;
0.195884;5.27961e+06;-1;0;
0.196789;5.24221e+06;-1;0;
0.197697;5.20481e+06;-1;0;
0.198609;5.16744e+06;-1;0;
0.199526;5.13008e+06;-1;0;
0.200447;5.09274e+06;-1;0;
0.201372;5.05541e+06;-1;0;
0.202302;5.0181e+06;-1;0;
0.203236;4.98082e+06;-1;0;
0.204174;4.94355e+06;-1;0;
0.205116;4.9063e+06;-1;0;
0.206063;4.86908e+06;-1;0;
0.207014;4.83188e+06;-1;0;
0.20797;4.79471e+06;-1;0;
0.20893;4.75757e+06;-1;0;
0.209894;4.72046e+06;-1;0;
0.210863;4.68339e+06;-1;0;
0.211836;4.64636e+06;-1;0;
0.212814;4.60936e+06;-1;0;
0.213796;4.57242e+06;-1;0;
0.214783;4.53552e+06;-1;0;
0.215774;4.49867e+06;-1;0;
0.21677;4.46188e+06;-1;0;
0.217771;4.42515e+06;-1;0;
0.218776;4.38848e+06;-1;0;
0.219786;4.35189e+06;-1;0;
0.2208;4.31536e+06;-1;0;
0.22182;4.27892e+06;-1;0;
0.222844;4.24256e+06;-1;0;
0.223872;4.20628e+06;-1;0;
0.224905;4.1701e+06;-1;0;
0.225944;4.13401e+06;-1;0;
0.226986;4.09803e+06;-1;0;
0.228034;4.06216e+06;-1;0;
0.229087;4.02639e+06;-1;0;
0.230144;3.99075e+06;-1;0;
0.231206;3.95523e+06;-1;0;
0.232274;3.91984e+06;-1;0;
0.233346;3.88457e+06;-1;0;
0.234423;3.84945e+06;-1;0;
0.235505;3.81447e+06;-1;0;
0.236592;3.77964e+06;-1;0;
0.237684;3.74496e+06;-1;0;
0.238781;3.71044e+06;-1;0;
0.239883;3.67607e+06;-1;0;
0.240991;3.64188e+06;-1;0;
0.242103;3.60785e+06;-1;0;
0.24322;3.574e+06;-1;0;
0.244343;3.54032e+06;-1;0;
0.245471;3.50683e+06;-1;0;
0.246604;3.47352e+06;-1;0;
0.247742;3.4404e+06;-1;0;
0.248886;3.40747e+06;-1;0;
0.250035;3.37473e+06;-1;0;
0.251189;3.34219e+06;-1;0;
0.252348;3.30985e+06;-1;0;
0.253513;3.27771e+06;-1;0;
0.254683;3.24577e+06;-1;0;
0.255859;3.21403e+06;-1;0;
0.25704;3.1825e+06;-1;0;
0.258226;3.15117e+06;-1;0;
0.259418;3.12005e+06;-1;0;
0.260615;3.08914e+06;-1;0;
0.261818;3.05843e+06;-1;0;
0.263027;3.02792e+06;-1;0;
0.264241;2.99762e+06;-1;0;
0.265461;2.96753e+06;-1;0;
0.266686;2.93764e+06;-1;0;
0.267917;2.90794e+06;-1;0;
0.269153;2.87845e+06;-1;0;
0.270396;2.84916e+06;-1;0;
0.271644;2.82006e+06;-1;0;
0.272898;2.79115e+06;-1;0;
0.274157;2.76243e+06;-1;0;
0.275423;2.7339e+06;-1;0;
0.276694;2.70555e+06;-1;0;
0.277971;2.67738e+06;-1;0;
0.279254;2.64939e+06;-1;0;
0.280543;2.62157e+06;-1;0;
0.281838;2.59391e+06;-1;0;
0.283139;2.56643e+06;-1;0;
0.284446;2.5391e+06;-1;0;
0.285759;2.51193e+06;-1;0;
0.287078;2.48491e+06;-1;0;
0.288403;2.45804e+06;-1;0;
0.289734;2.43131e+06;-1;0;
0.291072;2.40472e+06;-1;0;
0.292415;2.37827e+06;-1;0;
0.293765;2.35194e+06;-1;0;
0.295121;2.32574e+06;-1;0;
0.296483;2.29967e+06;-1;0;
0.297852;2.27371e+06;-1;0;
0.299226;2.24787e+06;-1;0;
0.300608;2.22214e+06;-1;0;
0.301995;2.19652e+06;-1;0;
0.303389;2.171e+06;-1;0;
0.304789;2.14558e+06;-1;0;
0.306196;2.12026e+06;-1;0;
0.30761;2.09504e+06;-1;0;
0.30903;2.06992e+06;-1;0;
0.310456;2.04488e+06;-1;0;
0.311889;2.01994e+06;-1;0;
0.313329;1.99509e+06;-1;0;
0.314775;1.97032e+06;-1;0;
0.316228;1.94565e+06;-1;0;
0.317687;1.92106e+06;-1;0;
0.319154;1.89657e+06;-1;0;
0.320627;1.87216e+06;-1;0;
0.322107;1.84784e+06;-1;0;
0.323594;1.82362e+06;-1;0;
0.325087;1.79949e+06;-1;0;
0.326588;1.77545e+06;-1;0;
0.328095;1.75152e+06;-1;0;
0.32961;1.72768e+06;-1;0;
0.331131;1.70395e+06;-1;0;
0.33266;1.68033e+06;-1;0;
0.334195;1.65681e+06;-1;0;
0.335738;1.63341e+06;-1;0;
0.337287;1.61014e+06;-1;0;
0.338844;1.58698e+06;-1;0;
0.340408;1.56395e+06;-1;0;
0.341979;1.54106e+06;-1;0;
0.343558;1.5183e+06;-1;0;
0.345144;1.49569e+06;-1;0;
0.346737;1.47322e+06;-1;0;
0.348337;1.45091e+06;-1;0;
0.349945;1.42876e+06;-1;0;
0.35156;1.40677e+06;-1;0;
0.353183;1.38494e+06;-1;0;
0.354813;1.36329e+06;-1;0;
0.356451;1.34182e+06;-1;0;
0.358096;1.32054e+06;-1;0;
0.359749;1.29944e+06;-1;0;
0.36141;1.27853e+06;-1;0;
0.363078;1.25781e+06;-1;0;
0.364754;1.2373e+06;-1;0;
0.366438;1.21699e+06;-1;0;
0.368129;1.19689e+06;-1;0;
0.369828;1.17699e+06;-1;0;
0.371535;1.15731e+06;-1;0;
0.37325;1.13784e+06;-1;0;
0.374973;1.11859e+06;-1;0;
0.376704;1.09955e+06;-1;0;
0.378443;1.08073e+06;-1;0;
0.380189;1.06213e+06;-1;0;
0.381944;1.04374e+06;-1;0;
0.383707;1.02557e+06;-1;0;
0.385478;1.00762e+06;-1;0;
0.387258;989881;-1;0;
0.389045;972357;-1;0;
0.390841;955044;-1;0;
0.392645;937939;-1;0;
0.394457;921041;-1;0;
0.396278;904345;-1;0;
0.398107;887848;-1;0;
0.399945;871547;-1;0;
0.401791;855438;-1;0;
0.403645;839517;-1;0;
0.405509;823780;-1;0;
0.40738;808222;-1;0;
0.409261;792840;-1;0;
0.41115;777629;-1;0;
0.413048;762585;-1;0;
0.414954;747703;-1;0;
0.416869;732980;-1;0;
0.418794;718413;-1;0;
0.420727;703996;-1;0;
0.422669;689727;-1;0;
0.42462;675604;-1;0;
0.42658;661622;-1;0;
0.428549;647780;-1;0;
0.430527;634075;-1;0;
0.432514;620507;-1;0;
0.43451;607073;-1;0;
0.436516;593773;-1;0;
0.438531;580607;-1;0;
0.440555;567574;-1;0;
0.442588;554675;-1;0;
0.444631;541912;-1;0;
0.446684;529286;-1;0;
0.448745;516797;-1;0;
0.450817;504450;-1;0;
0.452898;492245;-1;0;
0.454988;480187;-1;0;
0.457088;468278;-1;0;
0.459198;456521;-1;0;
0.461318;444921;-1;0;
0.463447;433480;-1;0;
0.465586;422203;-1;0;
0.467735;411093;-1;0;
0.469894;400156;-1;0;
0.472063;389393;-1;0;
0.474242;378809;-1;0;
0.476431;368407;-1;0;
0.47863;358191;-1;0;
0.480839;348164;-1;0;
0.483059;338328;-1;0;
0.485289;328685;-1;0;
0.487528;319238;-1;0;
0.489779;309987;-1;0;
0.49204;300934;-1;0;
0.494311;292079;-1;0;
0.496592;283422;-1;0;
0.498884;274962;-1;0;
0.501187;266698;-1;0;
0.503501;258628;-1;0;
0.505825;250750;-1;0;
0.508159;243061;-1;0;
0.510505;235559;-1;0;
0.512861;228239;-1;0;
0.515229;221097;-1;0;
0.517607;214130;-1;0;
0.519996;207332;-1;0;
0.522396;200698;-1;0;
0.524807;194224;-1;0;
0.52723;187904;-1;0;
0.529663;181733;-1;0;
0.532108;175706;-1;0;
0.534564;169818;-1;0;
0.537032;164064;-1;0;
0.539511;158439;-1;0;
0.542001;152939;-1;0;
0.544503;147559;-1;0;
0.547016;142296;-1;0;
0.549541;137147;-1;0;
0.552077;132109;-1;0;
0.554626;127179;-1;0;
0.557186;122356;-1;0;
0.559758;117639;-1;0;
0.562341;113025;-1;0;
0.564937;108516;-1;0;
0.567545;104112;-1;0;
0.570164;99812.2;-1;0;
0.572796;95618.5;-1;0;
0.57544;91532.1;-1;0;
0.578096;87554.5;-1;0;
0.580764;83687.7;-1;0;
0.583445;79933.7;-1;0;
0.586138;76294.4;-1;0;
0.588844;72772.1;-1;0;
0.591562;69368.8;-1;0;
0.594292;66086.3;-1;0;
0.597035;62926.2;-1;0;
0.599791;59890;-1;0;
0.60256;56978.5;-1;0;
0.605341;54192.5;-1;0;
0.608135;51532;-1;0;
0.610942;48996.5;-1;0;
0.613762;46585.2;-1;0;
0.616595;44296.4;-1;0;
0.619441;42128.2;-1;0;
0.6223;40077.9;-1;0;
0.625173;38142.2;-1;0;
0.628058;36317.5;-1;0;
0.630957;34599.6;-1;0;
0.63387;32983.9;-1;0;
0.636796;31465.4;-1;0;
0.639735;30038.9;-1;0;
0.642688;28699;-1;0;
0.645654;27440;-1;0;
0.648634;26256.5;-1;0;
0.651628;25143;-1;0;
0.654636;24093.9;-1;0;
0.657658;23104.3;-1;0;
0.660693;22169.2;-1;0;
0.663743;21284.3;-1;0;
0.666807;20445.5;-1;0;
0.669885;19649.5;-1;0;
0.672977;18893.3;-1;0;
0.676083;18174.4;-1;0;
0.679204;17491.1;-1;0;
0.682339;16842.3;-1;0;
0.685488;16227.1;-1;0;
0.688652;15645.5;-1;0;
0.691831;15097.7;-1;0;
0.695024;14584.6;-1;0;
0.698232;14106.9;-1;0;
0.701455;13666.2;-1;0;
0.704693;13263.7;-1;0;
0.707946;12901;-1;0;
0.711214;12579.5;-1;0;
0.714496;12300.4;-1;0;
0.717794;12064.9;-1;0;
0.721107;11873.8;-1;0;
0.724436;11727.3;-1;0;
0.72778;11625.4;-1;0;
0.731139;11567.6;-1;0;
0.734514;11552.7;-1;0;
0.737904;11579.1;-1;0;
0.74131;11644.7;-1;0;
0.744732;11746.7;-1;0;
0.74817;11881.9;-1;0;
0.751623;12046.9;-1;0;
0.755092;12237.7;-1;0;
0.758578;12450;-1;0;
0.762079;12679.6;-1;0;
0.765597;12922;-1;0;
0.76913;13172.9;-1;0;
0.772681;13428;-1;0;
0.776247;13683.3;-1;0;
0.77983;13935.3;-1;0;
0.78343;14180.7;-1;0;
0.787046;14416.9;-1;0;
0.790679;14641.6;-1;0;
0.794328;14853.3;-1;0;
0.797995;15051;-1;0;
0.801678;15234.5;-1;0;
0.805378;15403.9;-1;0;
0.809096;15559.9;-1;0;
0.812831;15703.7;-1;0;
0.816582;15836.8;-1;0;
0.820352;15961.2;-1;0;
0.824138;16078.7;-1;0;
0.827942;16191.6;-1;0;
0.831764;16301.7;-1;0;
0.835603;16411;-1;0;
0.83946;16521;-1;0;
0.843335;16633.1;-1;0;
0.847227;16748.1;-1;0;
0.851138;16866.3;-1;0;
0.855067;16987.8;-1;0;
0.859014;17111.8;-1;0;
0.862979;17237.2;-1;0;
0.866962;17362.6;-1;0;
0.870964;17485.9;-1;0;
0.874984;17604.9;-1;0;
0.879023;17717.1;-1;0;
0.88308;17820;-1;0;
0.887156;17911;-1;0;
0.891251;17987.5;-1;0;
0.895365;18047.3;-1;0;
0.899498;18088.5;-1;0;
0.903649;18109.7;-1;0;
0.907821;18109.6;-1;0;
0.912011;18088;-1;0;
0.91622;18044.7;-1;0;
0.92045;17980.3;-1;0;
0.924698;17896.1;-1;0;
0.928966;17793.5;-1;0;
0.933254;17674.4;-1;0;
0.937562;17541.2;-1;0;
0.94189;17396.3;-1;0;
0.946237;17242.1;-1;0;
0.950605;17081.2;-1;0;
0.954993;16915.9;-1;0;
0.959401;16748.1;-1;0;
0.963829;16579.6;-1;0;
0.968278;16411.7;-1;0;
0.972747;16245.1;-1;0;
0.977237;16080.3;-1;0;
0.981748;15917;-1;0;
0.986279;15754.7;-1;0;
0.990832;15592.5;-1;0;
0.995405;15429.1;-1;0;
1;15263.2;-1;0;
1.00462;15093.1;-1;0;
1.00925;14917.5;-1;0;
1.01391;14735.1;-1;0;
1.01859;14544.7;-1;0;
1.02329;14345.7;-1;0;
1.02802;14137.6;-1;0;
1.03276;13920.6;-1;0;
1.03753;13695.2;-1;0;
1.04232;13462.5;-1;0;
1.04713;13223.6;-1;0;
1.05196;12980.4;-1;0;
1.05682;12734.7;-1;0;
1.0617;12488.5;-1;0;
1.0666;12244;-1;0;
1.07152;12003;-1;0;
1.07647;11767.2;-1;0;
1.08143;11538.2;-1;0;
1.08643;11316.9;-1;0;
1.09144;11104.1;-1;0;
1.09648;10900;-1;0;
1.10154;10704.4;-1;0;
1.10662;10516.8;-1;0;
1.11173;10336.2;-1;0;
1.11686;10161.7;-1;0;
1.12202;9991.86;-1;0;
1.1272;9825.56;-1;0;
1.1324;9661.62;-1;0;
1.13763;9499.06;-1;0;
1.14288;9337.16;-1;0;
1.14815;9175.51;-1;0;
1.15345;9014.05;-1;0;
1.15878;8853.08;-1;0;
1.16413;8693.22;-1;0;
1.1695;8535.34;-1;0;
1.1749;8380.52;-1;0;
1.18032;8229.96;-1;0;
1.18577;8084.83;-1;0;
1.19124;7946.23;-1;0;
1.19674;7815.08;-1;0;
1.20226;7692.04;-1;0;
1.20781;7577.44;-1;0;
1.21339;7471.32;-1;0;
1.21899;7373.36;-1;0;
1.22462;7282.94;-1;0;
1.23027;7199.19;-1;0;
1.23595;7121.09;-1;0;
1.24165;7047.51;-1;0;
1.24738;6977.35;-1;0;
1.25314;6909.6;-1;0;
1.25893;6843.41;-1;0;
1.26474;6778.19;-1;0;
1.27057;6713.6;-1;0;
1.27644;6649.57;-1;0;
1.28233;6586.3;-1;0;
1.28825;6524.21;-1;0;
1.2942;6463.84;-1;0;
1.30017;6405.83;-1;0;
1.30617;6350.82;-1;0;
1.3122;6299.34;-1;0;
1.31826;6251.79;-1;0;
1.32434;6208.35;-1;0;
1.33045;6168.99;-1;0;
1.3366;6133.43;-1;0;
1.34276;6101.19;-1;0;
1.34896;6071.64;-1;0;
1.35519;6044.04;-1;0;
1.36144;6017.6;-1;0;
1.36773;5991.59;-1;0;
1.37404;5965.4;-1;0;
1.38038;5938.56;-1;0;
1.38676;5910.78;-1;0;
1.39316;5882;-1;0;
1.39959;5852.34;-1;0;
1.40605;5822.08;-1;0;
1.41254;5791.59;-1;0;
1.41906;5761.31;-1;0;
1.42561;5731.65;-1;0;
1.43219;5702.95;-1;0;
1.4388;5675.44;-1;0;
1.44544;5649.19;-1;0;
1.45211;5624.13;-1;0;
1.45881;5600.04;-1;0;
1.46555;5576.61;-1;0;
1.47231;5553.46;-1;0;
1.47911;5530.17;-1;0;
1.48594;5506.39;-1;0;
1.49279;5481.86;-1;0;
1.49968;5456.41;-1;0;
1.50661;5430.01;-1;0;
1.51356;5402.75;-1;0;
1.52055;5374.85;-1;0;
1.52757;5346.56;-1;0;
1.53462;5318.18;-1;0;
1.5417;5290;-1;0;
1.54882;5262.23;-1;0;
1.55597;5235.01;-1;0;
1.56315;5208.39;-1;0;
1.57036;5182.29;-1;0;
1.57761;5156.6;-1;0;
1.58489;5131.11;-1;0;
1.59221;5105.62;-1;0;
1.59956;5079.96;-1;0;
1.60694;5054;-1;0;
1.61436;5027.68;-1;0;
1.62181;5001.02;-1;0;
1.6293;4974.1;-1;0;
1.63682;4947.06;-1;0;
1.64437;4920.07;-1;0;
1.65196;4893.26;-1;0;
1.65959;4866.75;-1;0;
1.66725;4840.6;-1;0;
1.67494;4814.78;-1;0;
1.68267;4789.24;-1;0;
1.69044;4763.85;-1;0;
1.69824;4738.48;-1;0;
1.70608;4712.99;-1;0;
1.71396;4687.31;-1;0;
1.72187;4661.37;-1;0;
1.72982;4635.2;-1;0;
1.7378;4608.85;-1;0;
1.74582;4582.41;-1;0;
1.75388;4555.98;-1;0;
1.76198;4529.65;-1;0;
1.77011;4503.47;-1;0;
1.77828;4477.41;-1;0;
1.78649;4451.43;-1;0;
1.79473;4425.43;-1;0;
1.80302;4399.3;-1;0;
1.81134;4372.93;-1;0;
1.8197;4346.28;-1;0;
1.8281;4319.32;-1;0;
1.83654;4292.13;-1;0;
1.84502;4264.8;-1;0;
1.85353;4237.48;-1;0;
1.86209;4210.31;-1;0;
1.87068;4183.41;-1;0;
1.87932;4156.84;-1;0;
1.88799;4130.59;-1;0;
1.89671;4104.59;-1;0;
1.90546;4078.73;-1;0;
1.91426;4052.9;-1;0;
1.92309;4027;-1;0;
1.93197;4001.01;-1;0;
1.94089;3974.98;-1;0;
1.94984;3949.06;-1;0;
1.95884;3923.46;-1;0;
1.96789;3898.38;-1;0;
1.97697;3874.05;-1;0;
1.98609;3850.59;-1;0;
1.99526;3828.02;-1;0;
2.00447;3806.28;-1;0;
2.01372;3785.19;-1;0;
2.02302;3764.54;-1;0;
2.03236;3744.14;-1;0;
2.04174;3723.86;-1;0;
2.05116;3703.68;-1;0;
2.06063;3683.73;-1;0;
2.07014;3664.22;-1;0;
2.0797;3645.43;-1;0;
2.0893;3627.61;-1;0;
2.09894;3610.93;-1;0;
2.10863;3595.4;-1;0;
2.11836;3580.86;-1;0;
2.12814;3567;-1;0;
2.13796;3553.43;-1;0;
2.14783;3539.77;-1;0;
2.15774;3525.74;-1;0;
2.1677;3511.24;-1;0;
2.17771;3496.36;-1;0;
2.18776;3481.36;-1;0;
2.19786;3466.58;-1;0;
2.208;3452.31;-1;0;
2.2182;3438.74;-1;0;
2.22844;3425.8;-1;0;
2.23872;3413.18;-1;0;
2.24905;3400.4;-1;0;
2.25944;3386.88;-1;0;
2.26986;3372.12;-1;0;
2.28034;3355.81;-1;0;
2.29087;3337.93;-1;0;
2.30144;3318.73;-1;0;
2.31206;3298.68;-1;0;
2.32274;3278.29;-1;0;
2.33346;3257.95;-1;0;
2.34423;3237.8;-1;0;
2.35505;3217.63;-1;0;
2.36592;3196.94;-1;0;
2.37684;3175.09;-1;0;
2.38781;3151.48;-1;0;
2.39883;3125.74;-1;0;
2.40991;3097.9;-1;0;
2.42103;3068.38;-1;0;
2.4322;3037.9;-1;0;
2.44343;3007.25;-1;0;
2.45471;2977.06;-1;0;
2.46604;2947.6;-1;0;
2.47742;2918.71;-1;0;
2.48886;2889.82;-1;0;
2.50035;2860.23;-1;0;
2.51189;2829.32;-1;0;
2.52348;2796.87;-1;0;
2.53513;2763.16;-1;0;
2.54683;2728.94;-1;0;
2.55859;2695.25;-1;0;
2.5704;2663.05;-1;0;
2.58226;2632.97;-1;0;
2.59418;2605.06;-1;0;
2.60615;2578.83;-1;0;
2.61818;2553.41;-1;0;
2.63027;2527.97;-1;0;
2.64241;2502.04;-1;0;
2.65461;2475.72;-1;0;
2.66686;2449.75;-1;0;
2.67917;2425.24;-1;0;
2.69153;2403.26;-1;0;
2.70396;2384.47;-1;0;
2.71644;2368.81;-1;0;
2.72898;2355.52;-1;0;
2.74157;2343.45;-1;0;
2.75423;2331.45;-1;0;
2.76694;2318.91;-1;0;
2.77971;2305.93;-1;0;
2.79254;2293.34;-1;0;
2.80543;2282.29;-1;0;
2.81838;2273.74;-1;0;
2.83139;2268.01;-1;0;
2.84446;2264.53;-1;0;
2.85759;2262.03;-1;0;
2.87078;2258.99;-1;0;
2.88403;2254.26;-1;0;
2.89734;2247.52;-1;0;
2.91072;2239.34;-1;0;
2.92415;2230.91;-1;0;
2.93765;2223.4;-1;0;
2.95121;2217.38;-1;0;
2.96483;2212.42;-1;0;
2.97852;2207.23;-1;0;
2.99226;2200.18;-1;0;
3.00608;2190;-1;0;
3.01995;2176.37;-1;0;
3.03389;2160.05;-1;0;
3.04789;2142.5;-1;0;
3.06196;2125.14;-1;0;
3.0761;2108.64;-1;0;
3.0903;2092.57;-1;0;
3.10456;2075.56;-1;0;
3.11889;2056.04;-1;0;
3.13329;2033.07;-1;0;
3.14775;2006.88;-1;0;
3.16228;1978.84;-1;0;
3.17687;1950.82;-1;0;
3.19154;1924.27;-1;0;
3.20627;1899.54;-1;0;
3.22107;1875.73;-1;0;
3.23594;1851.28;-1;0;
3.25087;1824.9;-1;0;
3.26588;1796.44;-1;0;
3.28095;1767.05;-1;0;
3.2961;1738.72;-1;0;
3.31131;1713.22;-1;0;
3.3266;1691.19;-1;0;
3.34195;1671.87;-1;0;
3.35738;1653.56;-1;0;
3.37287;1634.73;-1;0;
3.38844;1614.95;-1;0;
3.40408;1595.27;-1;0;
3.41979;1577.6;-1;0;
3.43558;1563.59;-1;0;
3.45144;1553.62;-1;0;
3.46737;1546.54;-1;0;
3.48337;1540.29;-1;0;
3.49945;1533.19;-1;0;
3.5156;1524.92;-1;0;
3.53183;1516.67;-1;0;
3.54813;1510.29;-1;0;
3.56451;1506.97;-1;0;
3.58096;1506.36;-1;0;
3.59749;1506.61;-1;0;
3.6141;1505.49;-1;0;
3.63078;1501.73;-1;0;
3.64754;1495.77;-1;0;
3.66438;1489.31;-1;0;
3.68129;1484.05;-1;0;
3.69828;1480.35;-1;0;
3.71535;1476.87;-1;0;
3.7325;1471.41;-1;0;
3.74973;1462.36;-1;0;
3.76704;1449.85;-1;0;
3.78443;1435.58;-1;0;
3.80189;1421.62;-1;0;
3.81944;1408.81;-1;0;
3.83707;1396.25;-1;0;
3.85478;1381.92;-1;0;
3.87258;1364.33;-1;0;
3.89045;1343.76;-1;0;
3.90841;1322.13;-1;0;
3.92645;1301.66;-1;0;
3.94457;1283.32;-1;0;
3.96278;1266.16;-1;0;
3.98107;1248.23;-1;0;
3.99945;1228.36;-1;0;
4.01791;1207.2;-1;0;
4.03645;1186.9;-1;0;
4.05509;1169.48;-1;0;
4.0738;1155.31;-1;0;
4.09261;1142.9;-1;0;
4.1115;1130.24;-1;0;
4.13048;1116.63;-1;0;
4.14954;1103.27;-1;0;
4.16869;1092.28;-1;0;
4.18794;1084.84;-1;0;
4.20727;1080.1;-1;0;
4.22669;1075.91;-1;0;
4.2462;1070.58;-1;0;
4.2658;1064.36;-1;0;
4.28549;1058.99;-1;0;
4.30527;1056.01;-1;0;
4.32514;1055.14;-1;0;
4.3451;1054.36;-1;0;
4.36516;1051.65;-1;0;
4.38531;1046.7;-1;0;
4.40555;1041;-1;0;
4.42588;1036.28;-1;0;
4.44631;1032.65;-1;0;
4.46684;1028.43;-1;0;
4.48745;1021.66;-1;0;
4.50817;1012.03;-1;0;
4.52898;1001.09;-1;0;
4.54988;990.729;-1;0;
4.57088;981.246;-1;0;
4.59198;971.15;-1;0;
4.61318;958.8;-1;0;
4.63447;944.235;-1;0;
4.65586;929.265;-1;0;
4.67735;915.709;-1;0;
4.69894;903.648;-1;0;
4.72063;891.544;-1;0;
4.74242;878.109;-1;0;
4.76431;863.891;-1;0;
4.7863;850.815;-1;0;
4.80839;840.196;-1;0;
4.83059;831.413;-1;0;
4.85289;822.734;-1;0;
4.87528;813.363;-1;0;
4.89779;804.367;-1;0;
4.9204;797.419;-1;0;
4.94311;792.813;-1;0;
4.96592;789.076;-1;0;
4.98884;784.623;-1;0;
5.01187;779.503;-1;0;
5.03501;775.158;-1;0;
5.05825;772.486;-1;0;
5.08159;770.581;-1;0;
5.10505;767.69;-1;0;
5.12861;763.204;-1;0;
5.15229;758.217;-1;0;
5.17607;753.969;-1;0;
5.19996;750.154;-1;0;
5.22396;745.242;-1;0;
5.24807;738.396;-1;0;
5.2723;730.503;-1;0;
5.29663;722.984;-1;0;
5.32108;715.968;-1;0;
5.34564;708.231;-1;0;
5.37032;698.958;-1;0;
5.39511;688.959;-1;0;
5.42001;679.681;-1;0;
5.44503;671.397;-1;0;
5.47016;663.036;-1;0;
5.49541;653.865;-1;0;
5.52077;644.653;-1;0;
5.54626;636.699;-1;0;
5.57186;630.102;-1;0;
5.59758;623.756;-1;0;
5.62341;617.023;-1;0;
5.64937;610.664;-1;0;
5.67545;605.679;-1;0;
5.70164;601.8;-1;0;
5.72796;597.853;-1;0;
5.7544;593.423;-1;0;
5.78096;589.323;-1;0;
5.80764;586.19;-1;0;
5.83445;583.379;-1;0;
5.86138;579.843;-1;0;
5.88844;575.611;-1;0;
5.91562;571.567;-1;0;
5.94292;567.935;-1;0;
5.97035;563.863;-1;0;
5.99791;558.752;-1;0;
6.0256;553.167;-1;0;
6.05341;547.887;-1;0;
6.08135;542.676;-1;0;
6.10942;536.767;-1;0;
6.13762;530.221;-1;0;
6.16595;523.893;-1;0;
6.19441;518.098;-1;0;
6.223;512.234;-1;0;
6.25173;505.952;-1;0;
6.28058;499.851;-1;0;
6.30957;494.516;-1;0;
6.3387;489.605;-1;0;
6.36796;484.541;-1;0;
6.39735;479.562;-1;0;
6.42688;475.28;-1;0;
6.45654;471.571;-1;0;
6.48634;467.793;-1;0;
6.51628;463.895;-1;0;
6.54636;460.402;-1;0;
6.57658;457.352;-1;0;
6.60693;454.155;-1;0;
6.63743;450.603;-1;0;
6.66807;447.145;-1;0;
6.69885;443.934;-1;0;
6.72977;440.49;-1;0;
6.76083;436.576;-1;0;
6.79204;432.602;-1;0;
6.82339;428.798;-1;0;
6.85488;424.791;-1;0;
6.88652;420.377;-1;0;
6.91831;415.954;-1;0;
6.95024;411.772;-1;0;
6.98232;407.514;-1;0;
7.01455;403.022;-1;0;
7.04693;398.678;-1;0;
7.07946;394.684;-1;0;
7.11214;390.724;-1;0;
7.14496;386.682;-1;0;
7.17794;382.912;-1;0;
7.21107;379.511;-1;0;
7.24436;376.136;-1;0;
7.2778;372.731;-1;0;
7.31139;369.614;-1;0;
7.34514;366.751;-1;0;
7.37904;363.792;-1;0;
7.4131;360.782;-1;0;
7.44732;357.993;-1;0;
7.4817;355.259;-1;0;
7.51623;352.297;-1;0;
7.55092;349.287;-1;0;
7.58578;346.415;-1;0;
7.62079;343.419;-1;0;
7.65597;340.174;-1;0;
7.6913;336.975;-1;0;
7.72681;333.855;-1;0;
7.76247;330.533;-1;0;
7.7983;327.116;-1;0;
7.8343;323.886;-1;0;
7.87046;320.678;-1;0;
7.90679;317.336;-1;0;
7.94328;314.151;-1;0;
7.97995;311.201;-1;0;
8.01678;308.204;-1;0;
8.05378;305.258;-1;0;
8.09096;302.616;-1;0;
8.12831;300.056;-1;0;
8.16582;297.433;-1;0;
8.20352;295.026;-1;0;
8.24138;292.776;-1;0;
8.27942;290.382;-1;0;
8.31764;288.025;-1;0;
8.35603;285.824;-1;0;
8.3946;283.449;-1;0;
8.43335;280.939;-1;0;
8.47227;278.549;-1;0;
8.51138;276.026;-1;0;
8.55067;273.282;-1;0;
8.59014;270.647;-1;0;
8.62979;267.991;-1;0;
8.66962;265.138;-1;0;
8.70964;262.431;-1;0;
8.74984;259.85;-1;0;
8.79023;257.155;-1;0;
8.8308;254.652;-1;0;
8.87156;252.389;-1;0;
8.91251;250.062;-1;0;
8.95365;247.92;-1;0;
8.99498;246.028;-1;0;
9.03649;244.034;-1;0;
9.07821;242.136;-1;0;
9.12011;240.401;-1;0;
9.1622;238.455;-1;0;
9.2045;236.497;-1;0;
9.24698;234.598;-1;0;
9.28966;232.405;-1;0;
9.33254;230.178;-1;0;
9.37562;227.985;-1;0;
9.4189;225.53;-1;0;
9.46237;223.149;-1;0;
9.50605;220.869;-1;0;
9.54993;218.453;-1;0;
9.59401;216.282;-1;0;
9.63829;214.261;-1;0;
9.68278;212.214;-1;0;
9.72747;210.496;-1;0;
9.77237;208.843;-1;0;
9.81748;207.174;-1;0;
9.86279;205.75;-1;0;
9.90832;204.182;-1;0;
9.95405;202.561;-1;0;
10;201.004;-1;0;

