0.1;7.32883e+07;-1;0;
0.100462;7.27824e+07;-1;0;
0.100925;7.22756e+07;-1;0;
0.101391;7.17679e+07;-1;0;
0.101859;7.12595e+07;-1;0;
0.102329;7.07502e+07;-1;0;
0.102802;7.02402e+07;-1;0;
0.103276;6.97295e+07;-1;0;
0.103753;6.92181e+07;-1;0;
0.104232;6.87061e+07;-1;0;
0.104713;6.81934e+07;-1;0;
0.105196;6.76802e+07;-1;0;
0.105682;6.71665e+07;-1;0;
0.10617;6.66523e+07;-1;0;
0.10666;6.61376e+07;-1;0;
0.107152;6.56225e+07;-1;0;
0.107647;6.5107e+07;-1;0;
0.108143;6.45911e+07;-1;0;
0.108643;6.4075e+07;-1;0;
0.109144;6.35586e+07;-1;0;
0.109648;6.3042e+07;-1;0;
0.110154;6.25251e+07;-1;0;
0.110662;6.20082e+07;-1;0;
0.111173;6.14911e+07;-1;0;
0.111686;6.0974e+07;-1;0;
0.112202;6.04568e+07;-1;0;
0.11272;5.99397e+07;-1;0;
0.11324;5.94227e+07;-1;0;
0.113763;5.89057e+07;-1;0;
0.114288;5.83889e+07;-1;0;
0.114815;5.78723e+07;-1;0;
0.115345;5.73559e+07;-1;0;
0.115878;5.68399e+07;-1;0;
0.116413;5.63241e+07;-1;0;
0.11695;5.58087e+07;-1;0;
0.11749;5.52938e+07;-1;0;
0.118032;5.47792e+07;-1;0;
0.118577;5.42652e+07;-1;0;
0.119124;5.37518e+07;-1;0;
0.119674;5.3239e+07;-1;0;
0.120226;5.27267e+07;-1;0;
0.120781;5.22152e+07;-1;0;
0.121339;5.17045e+07;-1;0;
0.121899;5.11945e+07;-1;0;
0.122462;5.06853e+07;-1;0;
0.123027;5.0177e+07;-1;0;
0.123595;4.96697e+07;-1;0;
0.124165;4.91633e+07;-1;0;
0.124738;4.86579e+07;-1;0;
0.125314;4.81536e+07;-1;0;
0.125893;4.76505e+07;-1;0;
0.126474;4.71484e+07;-1;0;
0.127057;4.66476e+07;-1;0;
0.127644;4.61481e+07;-1;0;
0.128233;4.56498e+07;-1;0;
0.128825;4.5153e+07;-1;0;
0.12942;4.46575e+07;-1;0;
0.130017;4.41634e+07;-1;0;
0.130617;4.36709e+07;-1;0;
0.13122;4.31799e+07;-1;0;
0.131826;4.26905e+07;-1;0;
0.132434;4.22027e+07;-1;0;
0.133045;4.17166e+07;-1;0;
0.13366;4.12323e+07;-1;0;
0.134276;4.07497e+07;-1;0;
0.134896;4.0269e+07;-1;0;
0.135519;3.97901e+07;-1;0;
0.136144;3.93132e+07;-1;0;
0.136773;3.88382e+07;-1;0;
0.137404;3.83652e+07;-1;0;
0.138038;3.78943e+07;-1;0;
0.138676;3.74255e+07;-1;0;
0.139316;3.69589e+07;-1;0;
0.139959;3.64944e+07;-1;0;
0.140605;3.60322e+07;-1;0;
0.141254;3.55723e+07;-1;0;
0.141906;3.51147e+07;-1;0;
0.142561;3.46594e+07;-1;0;
0.143219;3.42066e+07;-1;0;
0.14388;3.37562e+07;-1;0;
0.144544;3.33083e+07;-1;0;
0.145211;3.2863e+07;-1;0;
0.145881;3.24202e+07;-1;0;
0.146555;3.19801e+07;-1;0;
0.147231;3.15426e+07;-1;0;
0.147911;3.11079e+07;-1;0;
0.148594;3.06758e+07;-1;0;
0.149279;3.02466e+07;-1;0;
0.149968;2.98201e+07;-1;0;
0.150661;2.93965e+07;-1;0;
0.151356;2.89758e+07;-1;0;
0.152055;2.85581e+07;-1;0;
0.152757;2.81433e+07;-1;0;
0.153462;2.77314e+07;-1;0;
0.15417;2.73227e+07;-1;0;
0.154882;2.69169e+07;-1;0;
0.155597;2.65143e+07;-1;0;
0.156315;2.61148e+07;-1;0;
0.157036;2.57184e+07;-1;0;
0.157761;2.53253e+07;-1;0;
0.158489;2.49353e+07;-1;0;
0.159221;2.45486e+07;-1;0;
0.159956;2.41652e+07;-1;0;
0.160694;2.37851e+07;-1;0;
0.161436;2.34083e+07;-1;0;
0.162181;2.30348e+07;-1;0;
0.16293;2.26647e+07;-1;0;
0.163682;2.22981e+07;-1;0;
0.164437;2.19348e+07;-1;0;
0.165196;2.1575e+07;-1;0;
0.165959;2.12186e+07;-1;0;
0.166725;2.08657e+07;-1;0;
0.167494;2.05163e+07;-1;0;
0.168267;2.01705e+07;-1;0;
0.169044;1.98281e+07;-1;0;
0.169824;1.94894e+07;-1;0;
0.170608;1.91541e+07;-1;0;
0.171396;1.88225e+07;-1;0;
0.172187;1.84944e+07;-1;0;
0.172982;1.817e+07;-1;0;
0.17378;1.78491e+07;-1;0;
0.174582;1.75319e+07;-1;0;
0.175388;1.72183e+07;-1;0;
0.176198;1.69083e+07;-1;0;
0.177011;1.6602e+07;-1;0;
0.177828;1.62993e+07;-1;0;
0.178649;1.60003e+07;-1;0;
0.179473;1.57049e+07;-1;0;
0.180302;1.54132e+07;-1;0;
0.181134;1.51251e+07;-1;0;
0.18197;1.48407e+07;-1;0;
0.18281;1.456e+07;-1;0;
0.183654;1.42829e+07;-1;0;
0.184502;1.40095e+07;-1;0;
0.185353;1.37397e+07;-1;0;
0.186209;1.34735e+07;-1;0;
0.187068;1.3211e+07;-1;0;
0.187932;1.29521e+07;-1;0;
0.188799;1.26968e+07;-1;0;
0.189671;1.24452e+07;-1;0;
0.190546;1.21971e+07;-1;0;
0.191426;1.19527e+07;-1;0;
0.192309;1.17118e+07;-1;0;
0.193197;1.14744e+07;-1;0;
0.194089;1.12407e+07;-1;0;
0.194984;1.10104e+07;-1;0;
0.195884;1.07837e+07;-1;0;
0.196789;1.05604e+07;-1;0;
0.197697;1.03407e+07;-1;0;
0.198609;1.01244e+07;-1;0;
0.199526;9.91159e+06;-1;0;
0.200447;9.70218e+06;-1;0;
0.201372;9.49618e+06;-1;0;
0.202302;9.29355e+06;-1;0;
0.203236;9.09428e+06;-1;0;
0.204174;8.89835e+06;-1;0;
0.205116;8.70573e+06;-1;0;
0.206063;8.51639e+06;-1;0;
0.207014;8.33031e+06;-1;0;
0.20797;8.14746e+06;-1;0;
0.20893;7.96781e+06;-1;0;
0.209894;7.79134e+06;-1;0;
0.210863;7.61802e+06;-1;0;
0.211836;7.44782e+06;-1;0;
0.212814;7.28071e+06;-1;0;
0.213796;7.11665e+06;-1;0;
0.214783;6.95562e+06;-1;0;
0.215774;6.79759e+06;-1;0;
0.21677;6.64252e+06;-1;0;
0.217771;6.49037e+06;-1;0;
0.218776;6.34113e+06;-1;0;
0.219786;6.19475e+06;-1;0;
0.2208;6.0512e+06;-1;0;
0.22182;5.91045e+06;-1;0;
0.222844;5.77245e+06;-1;0;
0.223872;5.63719e+06;-1;0;
0.224905;5.50461e+06;-1;0;
0.225944;5.37469e+06;-1;0;
0.226986;5.24739e+06;-1;0;
0.228034;5.12267e+06;-1;0;
0.229087;5.0005e+06;-1;0;
0.230144;4.88083e+06;-1;0;
0.231206;4.76364e+06;-1;0;
0.232274;4.64889e+06;-1;0;
0.233346;4.53654e+06;-1;0;
0.234423;4.42655e+06;-1;0;
0.235505;4.31888e+06;-1;0;
0.236592;4.21351e+06;-1;0;
0.237684;4.11038e+06;-1;0;
0.238781;4.00947e+06;-1;0;
0.239883;3.91074e+06;-1;0;
0.240991;3.81414e+06;-1;0;
0.242103;3.71965e+06;-1;0;
0.24322;3.62722e+06;-1;0;
0.244343;3.53682e+06;-1;0;
0.245471;3.44842e+06;-1;0;
0.246604;3.36197e+06;-1;0;
0.247742;3.27744e+06;-1;0;
0.248886;3.19479e+06;-1;0;
0.250035;3.11398e+06;-1;0;
0.251189;3.03499e+06;-1;0;
0.252348;2.95778e+06;-1;0;
0.253513;2.8823e+06;-1;0;
0.254683;2.80853e+06;-1;0;
0.255859;2.73643e+06;-1;0;
0.25704;2.66597e+06;-1;0;
0.258226;2.59711e+06;-1;0;
0.259418;2.52982e+06;-1;0;
0.260615;2.46406e+06;-1;0;
0.261818;2.39981e+06;-1;0;
0.263027;2.33702e+06;-1;0;
0.264241;2.27568e+06;-1;0;
0.265461;2.21574e+06;-1;0;
0.266686;2.15717e+06;-1;0;
0.267917;2.09995e+06;-1;0;
0.269153;2.04404e+06;-1;0;
0.270396;1.98942e+06;-1;0;
0.271644;1.93605e+06;-1;0;
0.272898;1.88391e+06;-1;0;
0.274157;1.83297e+06;-1;0;
0.275423;1.78319e+06;-1;0;
0.276694;1.73456e+06;-1;0;
0.277971;1.68704e+06;-1;0;
0.279254;1.64061e+06;-1;0;
0.280543;1.59525e+06;-1;0;
0.281838;1.55092e+06;-1;0;
0.283139;1.50761e+06;-1;0;
0.284446;1.46529e+06;-1;0;
0.285759;1.42393e+06;-1;0;
0.287078;1.38351e+06;-1;0;
0.288403;1.34402e+06;-1;0;
0.289734;1.30542e+06;-1;0;
0.291072;1.2677e+06;-1;0;
0.292415;1.23084e+06;-1;0;
0.293765;1.19481e+06;-1;0;
0.295121;1.15961e+06;-1;0;
0.296483;1.12519e+06;-1;0;
0.297852;1.09156e+06;-1;0;
0.299226;1.05869e+06;-1;0;
0.300608;1.02656e+06;-1;0;
0.301995;995166;-1;0;
0.303389;964478;-1;0;
0.304789;934487;-1;0;
0.306196;905176;-1;0;
0.30761;876532;-1;0;
0.30903;848540;-1;0;
0.310456;821187;-1;0;
0.311889;794460;-1;0;
0.313329;768348;-1;0;
0.314775;742838;-1;0;
0.316228;717918;-1;0;
0.317687;693579;-1;0;
0.319154;669811;-1;0;
0.320627;646602;-1;0;
0.322107;623945;-1;0;
0.323594;601830;-1;0;
0.325087;580249;-1;0;
0.326588;559194;-1;0;
0.328095;538658;-1;0;
0.32961;518633;-1;0;
0.331131;499114;-1;0;
0.33266;480094;-1;0;
0.334195;461567;-1;0;
0.335738;443528;-1;0;
0.337287;425971;-1;0;
0.338844;408892;-1;0;
0.340408;392287;-1;0;
0.341979;376152;-1;0;
0.343558;360482;-1;0;
0.345144;345273;-1;0;
0.346737;330524;-1;0;
0.348337;316230;-1;0;
0.349945;302389;-1;0;
0.35156;288998;-1;0;
0.353183;276055;-1;0;
0.354813;263556;-1;0;
0.356451;251500;-1;0;
0.358096;239886;-1;0;
0.359749;228709;-1;0;
0.36141;217970;-1;0;
0.363078;207665;-1;0;
0.364754;197793;-1;0;
0.366438;188352;-1;0;
0.368129;179339;-1;0;
0.369828;170753;-1;0;
0.371535;162592;-1;0;
0.37325;154854;-1;0;
0.374973;147535;-1;0;
0.376704;140635;-1;0;
0.378443;134149;-1;0;
0.380189;128076;-1;0;
0.381944;122412;-1;0;
0.383707;117154;-1;0;
0.385478;112299;-1;0;
0.387258;107843;-1;0;
0.389045;103782;-1;0;
0.390841;100112;-1;0;
0.392645;96827.4;-1;0;
0.394457;93924.5;-1;0;
0.396278;91397.6;-1;0;
0.398107;89241.1;-1;0;
0.399945;87449.2;-1;0;
0.401791;86015.3;-1;0;
0.403645;84932.9;-1;0;
0.405509;84194.9;-1;0;
0.40738;83793.6;-1;0;
0.409261;83721.3;-1;0;
0.41115;83969.5;-1;0;
0.413048;84529.6;-1;0;
0.414954;85392.5;-1;0;
0.416869;86548.5;-1;0;
0.418794;87987.7;-1;0;
0.420727;89699.8;-1;0;
0.422669;91674;-1;0;
0.42462;93899.1;-1;0;
0.42658;96363.5;-1;0;
0.428549;99055.5;-1;0;
0.430527;101963;-1;0;
0.432514;105072;-1;0;
0.43451;108372;-1;0;
0.436516;111848;-1;0;
0.438531;115486;-1;0;
0.440555;119274;-1;0;
0.442588;123197;-1;0;
0.444631;127240;-1;0;
0.446684;131390;-1;0;
0.448745;135631;-1;0;
0.450817;139949;-1;0;
0.452898;144329;-1;0;
0.454988;148755;-1;0;
0.457088;153214;-1;0;
0.459198;157689;-1;0;
0.461318;162166;-1;0;
0.463447;166630;-1;0;
0.465586;171066;-1;0;
0.467735;175459;-1;0;
0.469894;179795;-1;0;
0.472063;184059;-1;0;
0.474242;188237;-1;0;
0.476431;192315;-1;0;
0.47863;196279;-1;0;
0.480839;200118;-1;0;
0.483059;203816;-1;0;
0.485289;207363;-1;0;
0.487528;210746;-1;0;
0.489779;213954;-1;0;
0.49204;216976;-1;0;
0.494311;219801;-1;0;
0.496592;222420;-1;0;
0.498884;224824;-1;0;
0.501187;227004;-1;0;
0.503501;228951;-1;0;
0.505825;230660;-1;0;
0.508159;232124;-1;0;
0.510505;233336;-1;0;
0.512861;234293;-1;0;
0.515229;234989;-1;0;
0.517607;235422;-1;0;
0.519996;235589;-1;0;
0.522396;235488;-1;0;
0.524807;235119;-1;0;
0.52723;234481;-1;0;
0.529663;233575;-1;0;
0.532108;232402;-1;0;
0.534564;230965;-1;0;
0.537032;229267;-1;0;
0.539511;227312;-1;0;
0.542001;225104;-1;0;
0.544503;222650;-1;0;
0.547016;219955;-1;0;
0.549541;217026;-1;0;
0.552077;213871;-1;0;
0.554626;210498;-1;0;
0.557186;206916;-1;0;
0.559758;203135;-1;0;
0.562341;199165;-1;0;
0.564937;195016;-1;0;
0.567545;190701;-1;0;
0.570164;186229;-1;0;
0.572796;181614;-1;0;
0.57544;176868;-1;0;
0.578096;172004;-1;0;
0.580764;167034;-1;0;
0.583445;161973;-1;0;
0.586138;156833;-1;0;
0.588844;151629;-1;0;
0.591562;146373;-1;0;
0.594292;141081;-1;0;
0.597035;135765;-1;0;
0.599791;130440;-1;0;
0.60256;125119;-1;0;
0.605341;119815;-1;0;
0.608135;114543;-1;0;
0.610942;109315;-1;0;
0.613762;104145;-1;0;
0.616595;99043.4;-1;0;
0.619441;94024.1;-1;0;
0.6223;89098.4;-1;0;
0.625173;84277.6;-1;0;
0.628058;79572.6;-1;0;
0.630957;74993.7;-1;0;
0.63387;70550.7;-1;0;
0.636796;66252.9;-1;0;
0.639735;62108.9;-1;0;
0.642688;58126.7;-1;0;
0.645654;54313.6;-1;0;
0.648634;50676.2;-1;0;
0.651628;47220.6;-1;0;
0.654636;43952;-1;0;
0.657658;40874.9;-1;0;
0.660693;37993.3;-1;0;
0.663743;35310;-1;0;
0.666807;32827.5;-1;0;
0.669885;30547.3;-1;0;
0.672977;28470.3;-1;0;
0.676083;26596.6;-1;0;
0.679204;24925.4;-1;0;
0.682339;23455.4;-1;0;
0.685488;22184.5;-1;0;
0.688652;21109.9;-1;0;
0.691831;20228.1;-1;0;
0.695024;19534.8;-1;0;
0.698232;19025.3;-1;0;
0.701455;18694;-1;0;
0.704693;18534.8;-1;0;
0.707946;18541.1;-1;0;
0.711214;18705.7;-1;0;
0.714496;19020.8;-1;0;
0.717794;19478.1;-1;0;
0.721107;20069;-1;0;
0.724436;20784.3;-1;0;
0.72778;21614.5;-1;0;
0.731139;22549.9;-1;0;
0.734514;23580.1;-1;0;
0.737904;24694.8;-1;0;
0.74131;25883.5;-1;0;
0.744732;27135.2;-1;0;
0.74817;28439.2;-1;0;
0.751623;29784.3;-1;0;
0.755092;31159.5;-1;0;
0.758578;32553.9;-1;0;
0.762079;33956.6;-1;0;
0.765597;35356.6;-1;0;
0.76913;36743.4;-1;0;
0.772681;38106.5;-1;0;
0.776247;39435.8;-1;0;
0.77983;40721.4;-1;0;
0.78343;41953.9;-1;0;
0.787046;43124.1;-1;0;
0.790679;44223.6;-1;0;
0.794328;45244.1;-1;0;
0.797995;46178.2;-1;0;
0.801678;47018.9;-1;0;
0.805378;47759.9;-1;0;
0.809096;48395.5;-1;0;
0.812831;48920.6;-1;0;
0.816582;49331.2;-1;0;
0.820352;49623.5;-1;0;
0.824138;49795.1;-1;0;
0.827942;49843.8;-1;0;
0.831764;49768.5;-1;0;
0.835603;49569;-1;0;
0.83946;49245.7;-1;0;
0.843335;48799.8;-1;0;
0.847227;48233.6;-1;0;
0.851138;47549.9;-1;0;
0.855067;46752.4;-1;0;
0.859014;45845.5;-1;0;
0.862979;44834.4;-1;0;
0.866962;43724.9;-1;0;
0.870964;42523.5;-1;0;
0.874984;41237.4;-1;0;
0.879023;39874.1;-1;0;
0.88308;38441.8;-1;0;
0.887156;36949.2;-1;0;
0.891251;35405.2;-1;0;
0.895365;33819.2;-1;0;
0.899498;32200.7;-1;0;
0.903649;30559.4;-1;0;
0.907821;28905.1;-1;0;
0.912011;27247.7;-1;0;
0.91622;25597.1;-1;0;
0.92045;23962.8;-1;0;
0.924698;22354.3;-1;0;
0.928966;20780.8;-1;0;
0.933254;19251.2;-1;0;
0.937562;17773.7;-1;0;
0.94189;16356.4;-1;0;
0.946237;15006.6;-1;0;
0.950605;13730.9;-1;0;
0.954993;12535.5;-1;0;
0.959401;11425.7;-1;0;
0.963829;10406;-1;0;
0.968278;9480.22;-1;0;
0.972747;8651.31;-1;0;
0.977237;7921.37;-1;0;
0.981748;7291.62;-1;0;
0.986279;6762.44;-1;0;
0.990832;6333.34;-1;0;
0.995405;6002.97;-1;0;
1;5769.16;-1;0;
1.00462;5628.92;-1;0;
1.00925;5578.51;-1;0;
1.01391;5613.45;-1;0;
1.01859;5728.58;-1;0;
1.02329;5918.14;-1;0;
1.02802;6175.77;-1;0;
1.03276;6494.67;-1;0;
1.03753;6867.58;-1;0;
1.04232;7286.9;-1;0;
1.04713;7744.8;-1;0;
1.05196;8233.23;-1;0;
1.05682;8744.07;-1;0;
1.0617;9269.15;-1;0;
1.0666;9800.39;-1;0;
1.07152;10329.9;-1;0;
1.07647;10849.9;-1;0;
1.08143;11353;-1;0;
1.08643;11832.2;-1;0;
1.09144;12281;-1;0;
1.09648;12693.3;-1;0;
1.10154;13063.5;-1;0;
1.10662;13386.8;-1;0;
1.11173;13659;-1;0;
1.11686;13876.5;-1;0;
1.12202;14036.6;-1;0;
1.1272;14137.1;-1;0;
1.1324;14176.8;-1;0;
1.13763;14155.1;-1;0;
1.14288;14072.1;-1;0;
1.14815;13928.9;-1;0;
1.15345;13726.9;-1;0;
1.15878;13468.5;-1;0;
1.16413;13156.6;-1;0;
1.1695;12794.7;-1;0;
1.1749;12386.9;-1;0;
1.18032;11937.7;-1;0;
1.18577;11452.1;-1;0;
1.19124;10935.4;-1;0;
1.19674;10393.1;-1;0;
1.20226;9831.13;-1;0;
1.20781;9255.29;-1;0;
1.21339;8671.6;-1;0;
1.21899;8086.05;-1;0;
1.22462;7504.49;-1;0;
1.23027;6932.64;-1;0;
1.23595;6375.97;-1;0;
1.24165;5839.66;-1;0;
1.24738;5328.54;-1;0;
1.25314;4847;-1;0;
1.25893;4398.98;-1;0;
1.26474;3987.9;-1;0;
1.27057;3616.65;-1;0;
1.27644;3287.53;-1;0;
1.28233;3002.25;-1;0;
1.28825;2761.9;-1;0;
1.2942;2566.99;-1;0;
1.30017;2417.38;-1;0;
1.30617;2312.36;-1;0;
1.3122;2250.62;-1;0;
1.31826;2230.32;-1;0;
1.32434;2249.09;-1;0;
1.33045;2304.11;-1;0;
1.3366;2392.11;-1;0;
1.34276;2509.48;-1;0;
1.34896;2652.27;-1;0;
1.35519;2816.3;-1;0;
1.36144;2997.21;-1;0;
1.36773;3190.54;-1;0;
1.37404;3391.75;-1;0;
1.38038;3596.35;-1;0;
1.38676;3799.94;-1;0;
1.39316;3998.27;-1;0;
1.39959;4187.32;-1;0;
1.40605;4363.33;-1;0;
1.41254;4522.88;-1;0;
1.41906;4662.9;-1;0;
1.42561;4780.77;-1;0;
1.43219;4874.28;-1;0;
1.4388;4941.71;-1;0;
1.44544;4981.81;-1;0;
1.45211;4993.83;-1;0;
1.45881;4977.53;-1;0;
1.46555;4933.12;-1;0;
1.47231;4861.32;-1;0;
1.47911;4763.27;-1;0;
1.48594;4640.55;-1;0;
1.49279;4495.11;-1;0;
1.49968;4329.25;-1;0;
1.50661;4145.59;-1;0;
1.51356;3946.98;-1;0;
1.52055;3736.47;-1;0;
1.52757;3517.28;-1;0;
1.53462;3292.72;-1;0;
1.5417;3066.11;-1;0;
1.54882;2840.8;-1;0;
1.55597;2620.04;-1;0;
1.56315;2406.97;-1;0;
1.57036;2204.57;-1;0;
1.57761;2015.58;-1;0;
1.58489;1842.5;-1;0;
1.59221;1687.52;-1;0;
1.59956;1552.48;-1;0;
1.60694;1438.87;-1;0;
1.61436;1347.77;-1;0;
1.62181;1279.87;-1;0;
1.6293;1235.4;-1;0;
1.63682;1214.16;-1;0;
1.64437;1215.54;-1;0;
1.65196;1238.47;-1;0;
1.65959;1281.48;-1;0;
1.66725;1342.71;-1;0;
1.67494;1419.92;-1;0;
1.68267;1510.58;-1;0;
1.69044;1611.86;-1;0;
1.69824;1720.72;-1;0;
1.70608;1833.98;-1;0;
1.71396;1948.32;-1;0;
1.72187;2060.45;-1;0;
1.72982;2167.12;-1;0;
1.7378;2265.18;-1;0;
1.74582;2351.73;-1;0;
1.75388;2424.12;-1;0;
1.76198;2480.07;-1;0;
1.77011;2517.71;-1;0;
1.77828;2535.63;-1;0;
1.78649;2532.94;-1;0;
1.79473;2509.29;-1;0;
1.80302;2464.91;-1;0;
1.81134;2400.57;-1;0;
1.8197;2317.63;-1;0;
1.8281;2217.96;-1;0;
1.83654;2103.9;-1;0;
1.84502;1978.22;-1;0;
1.85353;1844.06;-1;0;
1.86209;1704.8;-1;0;
1.87068;1563.97;-1;0;
1.87932;1425.18;-1;0;
1.88799;1291.98;-1;0;
1.89671;1167.77;-1;0;
1.90546;1055.66;-1;0;
1.91426;958.388;-1;0;
1.92309;878.249;-1;0;
1.93197;816.973;-1;0;
1.94089;775.69;-1;0;
1.94984;754.881;-1;0;
1.95884;754.351;-1;0;
1.96789;773.236;-1;0;
1.97697;810.022;-1;0;
1.98609;862.597;-1;0;
1.99526;928.315;-1;0;
2.00447;1004.09;-1;0;
2.01372;1086.51;-1;0;
2.02302;1171.93;-1;0;
2.03236;1256.65;-1;0;
2.04174;1337.03;-1;0;
2.05116;1409.58;-1;0;
2.06063;1471.19;-1;0;
2.07014;1519.15;-1;0;
2.0797;1551.34;-1;0;
2.0893;1566.22;-1;0;
2.09894;1562.99;-1;0;
2.10863;1541.55;-1;0;
2.11836;1502.53;-1;0;
2.12814;1447.26;-1;0;
2.13796;1377.71;-1;0;
2.14783;1296.42;-1;0;
2.15774;1206.36;-1;0;
2.1677;1110.85;-1;0;
2.17771;1013.37;-1;0;
2.18776;917.444;-1;0;
2.19786;826.481;-1;0;
2.208;743.616;-1;0;
2.2182;671.587;-1;0;
2.22844;612.621;-1;0;
2.23872;568.333;-1;0;
2.24905;539.668;-1;0;
2.25944;526.869;-1;0;
2.26986;529.469;-1;0;
2.28034;546.332;-1;0;
2.29087;575.708;-1;0;
2.30144;615.327;-1;0;
2.31206;662.512;-1;0;
2.32274;714.311;-1;0;
2.33346;767.638;-1;0;
2.34423;819.418;-1;0;
2.35505;866.736;-1;0;
2.36592;906.967;-1;0;
2.37684;937.896;-1;0;
2.38781;957.815;-1;0;
2.39883;965.592;-1;0;
2.40991;960.718;-1;0;
2.42103;943.315;-1;0;
2.4322;914.119;-1;0;
2.44343;874.431;-1;0;
2.45471;826.045;-1;0;
2.46604;771.148;-1;0;
2.47742;712.204;-1;0;
2.48886;651.83;-1;0;
2.50035;592.656;-1;0;
2.51189;537.2;-1;0;
2.52348;487.735;-1;0;
2.53513;446.181;-1;0;
2.54683;414.01;-1;0;
2.55859;392.177;-1;0;
2.5704;381.076;-1;0;
2.58226;380.53;-1;0;
2.59418;389.805;-1;0;
2.60615;407.66;-1;0;
2.61818;432.419;-1;0;
2.63027;462.068;-1;0;
2.64241;494.372;-1;0;
2.65461;526.998;-1;0;
2.66686;557.653;-1;0;
2.67917;584.206;-1;0;
2.69153;604.814;-1;0;
2.70396;618.019;-1;0;
2.71644;622.832;-1;0;
2.72898;618.785;-1;0;
2.74157;605.955;-1;0;
2.75423;584.95;-1;0;
2.76694;556.872;-1;0;
2.77971;523.244;-1;0;
2.79254;485.917;-1;0;
2.80543;446.95;-1;0;
2.81838;408.483;-1;0;
2.83139;372.601;-1;0;
2.84446;341.206;-1;0;
2.85759;315.892;-1;0;
2.87078;297.844;-1;0;
2.88403;287.765;-1;0;
2.89734;285.825;-1;0;
2.91072;291.655;-1;0;
2.92415;304.368;-1;0;
2.93765;322.621;-1;0;
2.95121;344.703;-1;0;
2.96483;368.657;-1;0;
2.97852;392.415;-1;0;
2.99226;413.942;-1;0;
3.00608;431.383;-1;0;
3.01995;443.202;-1;0;
3.03389;448.292;-1;0;
3.04789;446.06;-1;0;
3.06196;436.475;-1;0;
3.0761;420.077;-1;0;
3.0903;397.932;-1;0;
3.10456;371.558;-1;0;
3.11889;342.807;-1;0;
3.13329;313.72;-1;0;
3.14775;286.359;-1;0;
3.16228;262.647;-1;0;
3.17687;244.198;-1;0;
3.19154;232.185;-1;0;
3.20627;227.234;-1;0;
3.22107;229.365;-1;0;
3.23594;237.985;-1;0;
3.25087;251.933;-1;0;
3.26588;269.578;-1;0;
3.28095;288.966;-1;0;
3.2961;307.989;-1;0;
3.31131;324.587;-1;0;
3.3266;336.935;-1;0;
3.34195;343.624;-1;0;
3.35738;343.793;-1;0;
3.37287;337.223;-1;0;
3.38844;324.357;-1;0;
3.40408;306.257;-1;0;
3.41979;284.503;-1;0;
3.43558;261.029;-1;0;
3.45144;237.924;-1;0;
3.46737;217.217;-1;0;
3.48337;200.663;-1;0;
3.49945;189.558;-1;0;
3.5156;184.607;-1;0;
3.53183;185.85;-1;0;
3.54813;192.665;-1;0;
3.56451;203.847;-1;0;
3.58096;217.742;-1;0;
3.59749;232.437;-1;0;
3.6141;245.98;-1;0;
3.63078;256.596;-1;0;
3.64754;262.879;-1;0;
3.66438;263.953;-1;0;
3.68129;259.552;-1;0;
3.69828;250.042;-1;0;
3.71535;236.367;-1;0;
3.7325;219.925;-1;0;
3.74973;202.4;-1;0;
3.76704;185.558;-1;0;
3.78443;171.041;-1;0;
3.80189;160.178;-1;0;
3.81944;153.836;-1;0;
3.83707;152.325;-1;0;
3.85478;155.379;-1;0;
3.87258;162.196;-1;0;
3.89045;171.546;-1;0;
3.90841;181.929;-1;0;
3.92645;191.759;-1;0;
3.94457;199.56;-1;0;
3.96278;204.145;-1;0;
3.98107;204.757;-1;0;
3.99945;201.16;-1;0;
4.01791;193.659;-1;0;
4.03645;183.06;-1;0;
4.05509;170.563;-1;0;
4.0738;157.602;-1;0;
4.09261;145.664;-1;0;
4.1115;136.084;-1;0;
4.13048;129.874;-1;0;
4.14954;127.581;-1;0;
4.16869;129.212;-1;0;
4.18794;134.228;-1;0;
4.20727;141.618;-1;0;
4.22669;150.038;-1;0;
4.2462;158.004;-1;0;
4.2658;164.111;-1;0;
4.28549;167.235;-1;0;
4.30527;166.713;-1;0;
4.32514;162.443;-1;0;
4.3451;154.904;-1;0;
4.36516;145.086;-1;0;
4.38531;134.341;-1;0;
4.40555;124.162;-1;0;
4.42588;115.95;-1;0;
4.44631;110.778;-1;0;
4.46684;109.217;-1;0;
4.48745;111.234;-1;0;
4.50817;116.197;-1;0;
4.52898;122.979;-1;0;
4.54988;130.15;-1;0;
4.57088;136.226;-1;0;
4.59198;139.93;-1;0;
4.61318;140.417;-1;0;
4.63447;137.427;-1;0;
4.65586;131.333;-1;0;
4.67735;123.068;-1;0;
4.69894;113.956;-1;0;
4.72063;105.461;-1;0;
4.74242;98.9107;-1;0;
4.76431;95.2492;-1;0;
4.7863;94.8573;-1;0;
4.80839;97.4845;-1;0;
4.83059;102.304;-1;0;
4.85289;108.078;-1;0;
4.87528;113.41;-1;0;
4.89779;117.02;-1;0;
4.9204;118.001;-1;0;
4.94311;115.992;-1;0;
4.96592;111.251;-1;0;
4.98884;104.586;-1;0;
5.01187;97.183;-1;0;
5.03501;90.3565;-1;0;
5.05825;85.2714;-1;0;
5.08159;82.7032;-1;0;
5.10505;82.8821;-1;0;
5.12861;85.4541;-1;0;
5.15229;89.5674;-1;0;
5.17607;94.0645;-1;0;
5.19996;97.7372;-1;0;
5.22396;99.5889;-1;0;
5.24807;99.048;-1;0;
5.2723;96.0865;-1;0;
5.29663;91.2176;-1;0;
5.32108;85.3743;-1;0;
5.34564;79.6967;-1;0;
5.37032;75.2716;-1;0;
5.39511;72.8866;-1;0;
5.42001;72.849;-1;0;
5.44503;74.9166;-1;0;
5.47016;78.3536;-1;0;
5.49541;82.105;-1;0;
5.52077;85.0492;-1;0;
5.54626;86.2714;-1;0;
5.57186;85.2912;-1;0;
5.59758;82.1869;-1;0;
5.62341;77.5809;-1;0;
5.64937;72.4846;-1;0;
5.67545;68.0387;-1;0;
5.70164;65.212;-1;0;
5.72796;64.5399;-1;0;
5.7544;65.9739;-1;0;
5.78096;68.8892;-1;0;
5.80764;72.2541;-1;0;
5.83445;74.9179;-1;0;
5.86138;75.9376;-1;0;
5.88844;74.8502;-1;0;
5.91562;71.8074;-1;0;
5.94292;67.5308;-1;0;
5.97035;63.0956;-1;0;
5.99791;59.609;-1;0;
6.0256;57.8772;-1;0;
6.05341;58.1654;-1;0;
6.08135;60.1236;-1;0;
6.10942;62.9023;-1;0;
6.13762;65.4214;-1;0;
6.16595;66.7077;-1;0;
6.19441;66.1959;-1;0;
6.223;63.8975;-1;0;
6.25173;60.3875;-1;0;
6.28058;56.6114;-1;0;
6.30957;53.5788;-1;0;
6.3387;52.0383;-1;0;
6.36796;52.242;-1;0;
6.39735;53.8715;-1;0;
6.42688;56.1518;-1;0;
6.45654;58.1131;-1;0;
6.48634;58.9149;-1;0;
6.51628;58.1255;-1;0;
6.54636;55.8628;-1;0;
6.57658;52.7486;-1;0;
6.60693;49.6911;-1;0;
6.63743;47.5681;-1;0;
6.66807;46.9202;-1;0;
6.69885;47.7609;-1;0;
6.72977;49.5728;-1;0;
6.76083;51.4956;-1;0;
6.79204;52.6387;-1;0;
6.82339;52.4101;-1;0;
6.85488;50.7371;-1;0;
6.88652;48.0953;-1;0;
6.91831;45.3302;-1;0;
6.95024;43.3324;-1;0;
6.98232;42.6904;-1;0;
7.01455;43.4557;-1;0;
7.04693;45.1181;-1;0;
7.07946;46.8083;-1;0;
7.11214;47.6519;-1;0;
7.14496;47.1313;-1;0;
7.17794;45.3042;-1;0;
7.21107;42.7799;-1;0;
7.24436;40.4589;-1;0;
7.2778;39.1434;-1;0;
7.31139;39.1894;-1;0;
7.34514;40.3539;-1;0;
7.37904;41.9085;-1;0;
7.4131;42.9692;-1;0;
7.44732;42.8936;-1;0;
7.4817;41.5655;-1;0;
7.51623;39.4373;-1;0;
7.55092;37.3135;-1;0;
7.58578;35.9764;-1;0;
7.62079;35.8292;-1;0;
7.65597;36.7185;-1;0;
7.6913;38.0175;-1;0;
7.72681;38.9268;-1;0;
7.76247;38.8512;-1;0;
7.7983;37.6771;-1;0;
7.8343;35.8202;-1;0;
7.87046;34.0207;-1;0;
7.90679;32.9831;-1;0;
7.94328;33.0306;-1;0;
7.97995;33.9457;-1;0;
8.01678;35.0787;-1;0;
8.05378;35.676;-1;0;
8.09096;35.2669;-1;0;
8.12831;33.91;-1;0;
8.16582;32.1652;-1;0;
8.20352;30.7981;-1;0;
8.24138;30.3683;-1;0;
8.27942;30.9232;-1;0;
8.31764;31.9693;-1;0;
8.35603;32.7454;-1;0;
8.3946;32.6499;-1;0;
8.43335;31.5824;-1;0;
8.47227;30;-1;0;
8.51138;28.6511;-1;0;
8.55067;28.1381;-1;0;
8.59014;28.5652;-1;0;
8.62979;29.4816;-1;0;
8.66962;30.1562;-1;0;
8.70964;30.0195;-1;0;
8.74984;29.0046;-1;0;
8.79023;27.5804;-1;0;
8.8308;26.4553;-1;0;
8.87156;26.1381;-1;0;
8.91251;26.6276;-1;0;
8.95365;27.4234;-1;0;
8.99498;27.8482;-1;0;
9.03649;27.4774;-1;0;
9.07821;26.403;-1;0;
9.12011;25.1676;-1;0;
9.1622;24.4097;-1;0;
9.2045;24.4489;-1;0;
9.24698;25.0784;-1;0;
9.28966;25.704;-1;0;
9.33254;25.7413;-1;0;
9.37562;25.0124;-1;0;
9.4189;23.869;-1;0;
9.46237;22.9522;-1;0;
9.50605;22.7424;-1;0;
9.54993;23.2152;-1;0;
9.59401;23.8558;-1;0;
9.63829;24.0318;-1;0;
9.68278;23.4591;-1;0;
9.72747;22.4134;-1;0;
9.77237;21.521;-1;0;
9.81748;21.2836;-1;0;
9.86279;21.6976;-1;0;
9.90832;22.2638;-1;0;
9.95405;22.3791;-1;0;
10;21.8048;-1;0;

