0.1;1.83673e+09;-1;0;
0.100462;1.79553e+09;-1;0;
0.100925;1.75477e+09;-1;0;
0.101391;1.71448e+09;-1;0;
0.101859;1.67465e+09;-1;0;
0.102329;1.63528e+09;-1;0;
0.102802;1.59638e+09;-1;0;
0.103276;1.55796e+09;-1;0;
0.103753;1.52002e+09;-1;0;
0.104232;1.48256e+09;-1;0;
0.104713;1.44559e+09;-1;0;
0.105196;1.40912e+09;-1;0;
0.105682;1.37314e+09;-1;0;
0.10617;1.33766e+09;-1;0;
0.10666;1.30268e+09;-1;0;
0.107152;1.26822e+09;-1;0;
0.107647;1.23426e+09;-1;0;
0.108143;1.20082e+09;-1;0;
0.108643;1.1679e+09;-1;0;
0.109144;1.1355e+09;-1;0;
0.109648;1.10362e+09;-1;0;
0.110154;1.07226e+09;-1;0;
0.110662;1.04144e+09;-1;0;
0.111173;1.01114e+09;-1;0;
0.111686;9.81374e+08;-1;0;
0.112202;9.52142e+08;-1;0;
0.11272;9.23444e+08;-1;0;
0.11324;8.95283e+08;-1;0;
0.113763;8.67659e+08;-1;0;
0.114288;8.40573e+08;-1;0;
0.114815;8.14026e+08;-1;0;
0.115345;7.88018e+08;-1;0;
0.115878;7.6255e+08;-1;0;
0.116413;7.37621e+08;-1;0;
0.11695;7.13232e+08;-1;0;
0.11749;6.89381e+08;-1;0;
0.118032;6.66069e+08;-1;0;
0.118577;6.43295e+08;-1;0;
0.119124;6.21056e+08;-1;0;
0.119674;5.99353e+08;-1;0;
0.120226;5.78184e+08;-1;0;
0.120781;5.57546e+08;-1;0;
0.121339;5.37438e+08;-1;0;
0.121899;5.17857e+08;-1;0;
0.122462;4.98802e+08;-1;0;
0.123027;4.80269e+08;-1;0;
0.123595;4.62256e+08;-1;0;
0.124165;4.44759e+08;-1;0;
0.124738;4.27774e+08;-1;0;
0.125314;4.113e+08;-1;0;
0.125893;3.9533e+08;-1;0;
0.126474;3.79863e+08;-1;0;
0.127057;3.64892e+08;-1;0;
0.127644;3.50414e+08;-1;0;
0.128233;3.36424e+08;-1;0;
0.128825;3.22916e+08;-1;0;
0.12942;3.09887e+08;-1;0;
0.130017;2.9733e+08;-1;0;
0.130617;2.85239e+08;-1;0;
0.13122;2.7361e+08;-1;0;
0.131826;2.62435e+08;-1;0;
0.132434;2.51709e+08;-1;0;
0.133045;2.41426e+08;-1;0;
0.13366;2.31578e+08;-1;0;
0.134276;2.22159e+08;-1;0;
0.134896;2.13162e+08;-1;0;
0.135519;2.04579e+08;-1;0;
0.136144;1.96404e+08;-1;0;
0.136773;1.88629e+08;-1;0;
0.137404;1.81246e+08;-1;0;
0.138038;1.74247e+08;-1;0;
0.138676;1.67624e+08;-1;0;
0.139316;1.6137e+08;-1;0;
0.139959;1.55476e+08;-1;0;
0.140605;1.49933e+08;-1;0;
0.141254;1.44734e+08;-1;0;
0.141906;1.39869e+08;-1;0;
0.142561;1.35329e+08;-1;0;
0.143219;1.31106e+08;-1;0;
0.14388;1.27191e+08;-1;0;
0.144544;1.23576e+08;-1;0;
0.145211;1.20249e+08;-1;0;
0.145881;1.17204e+08;-1;0;
0.146555;1.1443e+08;-1;0;
0.147231;1.11917e+08;-1;0;
0.147911;1.09658e+08;-1;0;
0.148594;1.07642e+08;-1;0;
0.149279;1.05861e+08;-1;0;
0.149968;1.04304e+08;-1;0;
0.150661;1.02962e+08;-1;0;
0.151356;1.01826e+08;-1;0;
0.152055;1.00887e+08;-1;0;
0.152757;1.00135e+08;-1;0;
0.153462;9.95614e+07;-1;0;
0.15417;9.91563e+07;-1;0;
0.154882;9.89107e+07;-1;0;
0.155597;9.88156e+07;-1;0;
0.156315;9.88618e+07;-1;0;
0.157036;9.90404e+07;-1;0;
0.157761;9.93426e+07;-1;0;
0.158489;9.97595e+07;-1;0;
0.159221;1.00282e+08;-1;0;
0.159956;1.00903e+08;-1;0;
0.160694;1.01613e+08;-1;0;
0.161436;1.02404e+08;-1;0;
0.162181;1.03267e+08;-1;0;
0.16293;1.04196e+08;-1;0;
0.163682;1.05181e+08;-1;0;
0.164437;1.06216e+08;-1;0;
0.165196;1.07293e+08;-1;0;
0.165959;1.08406e+08;-1;0;
0.166725;1.09545e+08;-1;0;
0.167494;1.10706e+08;-1;0;
0.168267;1.11882e+08;-1;0;
0.169044;1.13065e+08;-1;0;
0.169824;1.1425e+08;-1;0;
0.170608;1.15431e+08;-1;0;
0.171396;1.16603e+08;-1;0;
0.172187;1.17759e+08;-1;0;
0.172982;1.18895e+08;-1;0;
0.17378;1.20005e+08;-1;0;
0.174582;1.21085e+08;-1;0;
0.175388;1.22131e+08;-1;0;
0.176198;1.23138e+08;-1;0;
0.177011;1.24102e+08;-1;0;
0.177828;1.2502e+08;-1;0;
0.178649;1.25889e+08;-1;0;
0.179473;1.26704e+08;-1;0;
0.180302;1.27463e+08;-1;0;
0.181134;1.28164e+08;-1;0;
0.18197;1.28805e+08;-1;0;
0.18281;1.29382e+08;-1;0;
0.183654;1.29895e+08;-1;0;
0.184502;1.30341e+08;-1;0;
0.185353;1.3072e+08;-1;0;
0.186209;1.31029e+08;-1;0;
0.187068;1.31269e+08;-1;0;
0.187932;1.31439e+08;-1;0;
0.188799;1.31538e+08;-1;0;
0.189671;1.31566e+08;-1;0;
0.190546;1.31524e+08;-1;0;
0.191426;1.3141e+08;-1;0;
0.192309;1.31227e+08;-1;0;
0.193197;1.30974e+08;-1;0;
0.194089;1.30653e+08;-1;0;
0.194984;1.30263e+08;-1;0;
0.195884;1.29808e+08;-1;0;
0.196789;1.29287e+08;-1;0;
0.197697;1.28702e+08;-1;0;
0.198609;1.28056e+08;-1;0;
0.199526;1.27349e+08;-1;0;
0.200447;1.26584e+08;-1;0;
0.201372;1.25763e+08;-1;0;
0.202302;1.24887e+08;-1;0;
0.203236;1.23959e+08;-1;0;
0.204174;1.22981e+08;-1;0;
0.205116;1.21955e+08;-1;0;
0.206063;1.20884e+08;-1;0;
0.207014;1.19769e+08;-1;0;
0.20797;1.18615e+08;-1;0;
0.20893;1.17422e+08;-1;0;
0.209894;1.16193e+08;-1;0;
0.210863;1.14931e+08;-1;0;
0.211836;1.13638e+08;-1;0;
0.212814;1.12317e+08;-1;0;
0.213796;1.10969e+08;-1;0;
0.214783;1.09598e+08;-1;0;
0.215774;1.08205e+08;-1;0;
0.21677;1.06792e+08;-1;0;
0.217771;1.05362e+08;-1;0;
0.218776;1.03917e+08;-1;0;
0.219786;1.02458e+08;-1;0;
0.2208;1.00988e+08;-1;0;
0.22182;9.95088e+07;-1;0;
0.222844;9.80212e+07;-1;0;
0.223872;9.65272e+07;-1;0;
0.224905;9.50283e+07;-1;0;
0.225944;9.35258e+07;-1;0;
0.226986;9.2021e+07;-1;0;
0.228034;9.0515e+07;-1;0;
0.229087;8.90089e+07;-1;0;
0.230144;8.75035e+07;-1;0;
0.231206;8.59997e+07;-1;0;
0.232274;8.44983e+07;-1;0;
0.233346;8.29996e+07;-1;0;
0.234423;8.15044e+07;-1;0;
0.235505;8.00129e+07;-1;0;
0.236592;7.85255e+07;-1;0;
0.237684;7.70424e+07;-1;0;
0.238781;7.55638e+07;-1;0;
0.239883;7.40896e+07;-1;0;
0.240991;7.262e+07;-1;0;
0.242103;7.11548e+07;-1;0;
0.24322;6.9694e+07;-1;0;
0.244343;6.82374e+07;-1;0;
0.245471;6.6785e+07;-1;0;
0.246604;6.53364e+07;-1;0;
0.247742;6.38915e+07;-1;0;
0.248886;6.24501e+07;-1;0;
0.250035;6.10121e+07;-1;0;
0.251189;5.95774e+07;-1;0;
0.252348;5.81457e+07;-1;0;
0.253513;5.6717e+07;-1;0;
0.254683;5.52914e+07;-1;0;
0.255859;5.38689e+07;-1;0;
0.25704;5.24495e+07;-1;0;
0.258226;5.10336e+07;-1;0;
0.259418;4.96214e+07;-1;0;
0.260615;4.82134e+07;-1;0;
0.261818;4.681e+07;-1;0;
0.263027;4.54118e+07;-1;0;
0.264241;4.40197e+07;-1;0;
0.265461;4.26344e+07;-1;0;
0.266686;4.12571e+07;-1;0;
0.267917;3.98887e+07;-1;0;
0.269153;3.85306e+07;-1;0;
0.270396;3.71842e+07;-1;0;
0.271644;3.58509e+07;-1;0;
0.272898;3.45325e+07;-1;0;
0.274157;3.32306e+07;-1;0;
0.275423;3.19472e+07;-1;0;
0.276694;3.06843e+07;-1;0;
0.277971;2.94439e+07;-1;0;
0.279254;2.82284e+07;-1;0;
0.280543;2.70399e+07;-1;0;
0.281838;2.58807e+07;-1;0;
0.283139;2.47535e+07;-1;0;
0.284446;2.36605e+07;-1;0;
0.285759;2.26043e+07;-1;0;
0.287078;2.15874e+07;-1;0;
0.288403;2.06123e+07;-1;0;
0.289734;1.96814e+07;-1;0;
0.291072;1.87973e+07;-1;0;
0.292415;1.79623e+07;-1;0;
0.293765;1.71787e+07;-1;0;
0.295121;1.64487e+07;-1;0;
0.296483;1.57744e+07;-1;0;
0.297852;1.51578e+07;-1;0;
0.299226;1.46005e+07;-1;0;
0.300608;1.41042e+07;-1;0;
0.301995;1.36703e+07;-1;0;
0.303389;1.32999e+07;-1;0;
0.304789;1.2994e+07;-1;0;
0.306196;1.27532e+07;-1;0;
0.30761;1.25779e+07;-1;0;
0.30903;1.24682e+07;-1;0;
0.310456;1.24239e+07;-1;0;
0.311889;1.24445e+07;-1;0;
0.313329;1.25291e+07;-1;0;
0.314775;1.26765e+07;-1;0;
0.316228;1.28852e+07;-1;0;
0.317687;1.31534e+07;-1;0;
0.319154;1.34787e+07;-1;0;
0.320627;1.38587e+07;-1;0;
0.322107;1.42905e+07;-1;0;
0.323594;1.47708e+07;-1;0;
0.325087;1.5296e+07;-1;0;
0.326588;1.58623e+07;-1;0;
0.328095;1.64656e+07;-1;0;
0.32961;1.71013e+07;-1;0;
0.331131;1.77649e+07;-1;0;
0.33266;1.84513e+07;-1;0;
0.334195;1.91554e+07;-1;0;
0.335738;1.98719e+07;-1;0;
0.337287;2.05953e+07;-1;0;
0.338844;2.132e+07;-1;0;
0.340408;2.20405e+07;-1;0;
0.341979;2.27508e+07;-1;0;
0.343558;2.34454e+07;-1;0;
0.345144;2.41185e+07;-1;0;
0.346737;2.47646e+07;-1;0;
0.348337;2.5378e+07;-1;0;
0.349945;2.59535e+07;-1;0;
0.35156;2.6486e+07;-1;0;
0.353183;2.69703e+07;-1;0;
0.354813;2.74021e+07;-1;0;
0.356451;2.77768e+07;-1;0;
0.358096;2.80905e+07;-1;0;
0.359749;2.83396e+07;-1;0;
0.36141;2.8521e+07;-1;0;
0.363078;2.8632e+07;-1;0;
0.364754;2.86702e+07;-1;0;
0.366438;2.86339e+07;-1;0;
0.368129;2.8522e+07;-1;0;
0.369828;2.83338e+07;-1;0;
0.371535;2.80691e+07;-1;0;
0.37325;2.77285e+07;-1;0;
0.374973;2.73129e+07;-1;0;
0.376704;2.68239e+07;-1;0;
0.378443;2.62637e+07;-1;0;
0.380189;2.56351e+07;-1;0;
0.381944;2.49412e+07;-1;0;
0.383707;2.4186e+07;-1;0;
0.385478;2.33735e+07;-1;0;
0.387258;2.25087e+07;-1;0;
0.389045;2.15967e+07;-1;0;
0.390841;2.06431e+07;-1;0;
0.392645;1.96538e+07;-1;0;
0.394457;1.86352e+07;-1;0;
0.396278;1.75937e+07;-1;0;
0.398107;1.6536e+07;-1;0;
0.399945;1.54692e+07;-1;0;
0.401791;1.44001e+07;-1;0;
0.403645;1.33358e+07;-1;0;
0.405509;1.22833e+07;-1;0;
0.40738;1.12496e+07;-1;0;
0.409261;1.02415e+07;-1;0;
0.41115;9.26566e+06;-1;0;
0.413048;8.32832e+06;-1;0;
0.414954;7.43557e+06;-1;0;
0.416869;6.5931e+06;-1;0;
0.418794;5.80616e+06;-1;0;
0.420727;5.07954e+06;-1;0;
0.422669;4.41752e+06;-1;0;
0.42462;3.82383e+06;-1;0;
0.42658;3.3016e+06;-1;0;
0.428549;2.85336e+06;-1;0;
0.430527;2.48097e+06;-1;0;
0.432514;2.18567e+06;-1;0;
0.43451;1.96798e+06;-1;0;
0.436516;1.82778e+06;-1;0;
0.438531;1.76423e+06;-1;0;
0.440555;1.77584e+06;-1;0;
0.442588;1.86046e+06;-1;0;
0.444631;2.01528e+06;-1;0;
0.446684;2.23688e+06;-1;0;
0.448745;2.52127e+06;-1;0;
0.450817;2.86389e+06;-1;0;
0.452898;3.25969e+06;-1;0;
0.454988;3.70315e+06;-1;0;
0.457088;4.18837e+06;-1;0;
0.459198;4.70906e+06;-1;0;
0.461318;5.2587e+06;-1;0;
0.463447;5.8305e+06;-1;0;
0.465586;6.41753e+06;-1;0;
0.467735;7.01278e+06;-1;0;
0.469894;7.60921e+06;-1;0;
0.472063;8.19983e+06;-1;0;
0.474242;8.77778e+06;-1;0;
0.476431;9.33638e+06;-1;0;
0.47863;9.8692e+06;-1;0;
0.480839;1.03701e+07;-1;0;
0.483059;1.08335e+07;-1;0;
0.485289;1.12539e+07;-1;0;
0.487528;1.16267e+07;-1;0;
0.489779;1.19475e+07;-1;0;
0.49204;1.22127e+07;-1;0;
0.494311;1.24193e+07;-1;0;
0.496592;1.2565e+07;-1;0;
0.498884;1.26479e+07;-1;0;
0.501187;1.26671e+07;-1;0;
0.503501;1.26223e+07;-1;0;
0.505825;1.2514e+07;-1;0;
0.508159;1.23434e+07;-1;0;
0.510505;1.21121e+07;-1;0;
0.512861;1.18229e+07;-1;0;
0.515229;1.14788e+07;-1;0;
0.517607;1.10837e+07;-1;0;
0.519996;1.0642e+07;-1;0;
0.522396;1.01585e+07;-1;0;
0.524807;9.63867e+06;-1;0;
0.52723;9.08831e+06;-1;0;
0.529663;8.51355e+06;-1;0;
0.532108;7.92082e+06;-1;0;
0.534564;7.31674e+06;-1;0;
0.537032;6.70804e+06;-1;0;
0.539511;6.1015e+06;-1;0;
0.542001;5.50383e+06;-1;0;
0.544503;4.92161e+06;-1;0;
0.547016;4.36122e+06;-1;0;
0.549541;3.8287e+06;-1;0;
0.552077;3.32974e+06;-1;0;
0.554626;2.86954e+06;-1;0;
0.557186;2.45278e+06;-1;0;
0.559758;2.08352e+06;-1;0;
0.562341;1.76516e+06;-1;0;
0.564937;1.5004e+06;-1;0;
0.567545;1.29117e+06;-1;0;
0.570164;1.1386e+06;-1;0;
0.572796;1.04303e+06;-1;0;
0.57544;1.00395e+06;-1;0;
0.578096;1.02007e+06;-1;0;
0.580764;1.08926e+06;-1;0;
0.583445;1.20864e+06;-1;0;
0.586138;1.37457e+06;-1;0;
0.588844;1.58276e+06;-1;0;
0.591562;1.8283e+06;-1;0;
0.594292;2.10571e+06;-1;0;
0.597035;2.40911e+06;-1;0;
0.599791;2.73223e+06;-1;0;
0.60256;3.06857e+06;-1;0;
0.605341;3.41147e+06;-1;0;
0.608135;3.75428e+06;-1;0;
0.610942;4.09042e+06;-1;0;
0.613762;4.41351e+06;-1;0;
0.616595;4.71751e+06;-1;0;
0.619441;4.99679e+06;-1;0;
0.6223;5.24627e+06;-1;0;
0.625173;5.46148e+06;-1;0;
0.628058;5.63866e+06;-1;0;
0.630957;5.77483e+06;-1;0;
0.63387;5.8678e+06;-1;0;
0.636796;5.91628e+06;-1;0;
0.639735;5.91983e+06;-1;0;
0.642688;5.8789e+06;-1;0;
0.645654;5.79478e+06;-1;0;
0.648634;5.6696e+06;-1;0;
0.651628;5.50624e+06;-1;0;
0.654636;5.30829e+06;-1;0;
0.657658;5.07992e+06;-1;0;
0.660693;4.82583e+06;-1;0;
0.663743;4.55112e+06;-1;0;
0.666807;4.26114e+06;-1;0;
0.669885;3.96142e+06;-1;0;
0.672977;3.65752e+06;-1;0;
0.676083;3.35488e+06;-1;0;
0.679204;3.05875e+06;-1;0;
0.682339;2.77403e+06;-1;0;
0.685488;2.5052e+06;-1;0;
0.688652;2.25621e+06;-1;0;
0.691831;2.03043e+06;-1;0;
0.695024;1.83057e+06;-1;0;
0.698232;1.65865e+06;-1;0;
0.701455;1.51598e+06;-1;0;
0.704693;1.40316e+06;-1;0;
0.707946;1.3201e+06;-1;0;
0.711214;1.26607e+06;-1;0;
0.714496;1.23973e+06;-1;0;
0.717794;1.2392e+06;-1;0;
0.721107;1.26217e+06;-1;0;
0.724436;1.30594e+06;-1;0;
0.72778;1.36755e+06;-1;0;
0.731139;1.44387e+06;-1;0;
0.734514;1.53166e+06;-1;0;
0.737904;1.62771e+06;-1;0;
0.74131;1.7289e+06;-1;0;
0.744732;1.83225e+06;-1;0;
0.74817;1.93502e+06;-1;0;
0.751623;2.03475e+06;-1;0;
0.755092;2.12926e+06;-1;0;
0.758578;2.21671e+06;-1;0;
0.762079;2.2956e+06;-1;0;
0.765597;2.36476e+06;-1;0;
0.76913;2.4233e+06;-1;0;
0.772681;2.47065e+06;-1;0;
0.776247;2.50645e+06;-1;0;
0.77983;2.53059e+06;-1;0;
0.78343;2.54308e+06;-1;0;
0.787046;2.54411e+06;-1;0;
0.790679;2.53393e+06;-1;0;
0.794328;2.51287e+06;-1;0;
0.797995;2.48129e+06;-1;0;
0.801678;2.43959e+06;-1;0;
0.805378;2.3882e+06;-1;0;
0.809096;2.32754e+06;-1;0;
0.812831;2.25811e+06;-1;0;
0.816582;2.18045e+06;-1;0;
0.820352;2.09517e+06;-1;0;
0.824138;2.00299e+06;-1;0;
0.827942;1.90479e+06;-1;0;
0.831764;1.80156e+06;-1;0;
0.835603;1.69451e+06;-1;0;
0.83946;1.58501e+06;-1;0;
0.843335;1.4746e+06;-1;0;
0.847227;1.36503e+06;-1;0;
0.851138;1.25816e+06;-1;0;
0.855067;1.15599e+06;-1;0;
0.859014;1.06055e+06;-1;0;
0.862979;973905;-1;0;
0.866962;898010;-1;0;
0.870964;834689;-1;0;
0.874984;785535;-1;0;
0.879023;751831;-1;0;
0.88308;734477;-1;0;
0.887156;733929;-1;0;
0.891251;750142;-1;0;
0.895365;782538;-1;0;
0.899498;829990;-1;0;
0.903649;890825;-1;0;
0.907821;962856;-1;0;
0.912011;1.04343e+06;-1;0;
0.91622;1.12951e+06;-1;0;
0.92045;1.21774e+06;-1;0;
0.924698;1.30462e+06;-1;0;
0.928966;1.38654e+06;-1;0;
0.933254;1.46001e+06;-1;0;
0.937562;1.52172e+06;-1;0;
0.94189;1.56871e+06;-1;0;
0.946237;1.59852e+06;-1;0;
0.950605;1.60924e+06;-1;0;
0.954993;1.59968e+06;-1;0;
0.959401;1.56938e+06;-1;0;
0.963829;1.5187e+06;-1;0;
0.968278;1.4488e+06;-1;0;
0.972747;1.36163e+06;-1;0;
0.977237;1.25988e+06;-1;0;
0.981748;1.14689e+06;-1;0;
0.986279;1.02653e+06;-1;0;
0.990832;903050;-1;0;
0.995405;780904;-1;0;
1;664589;-1;0;
1.00462;558428;-1;0;
1.00925;466388;-1;0;
1.01391;391887;-1;0;
1.01859;337629;-1;0;
1.02329;305460;-1;0;
1.02802;296263;-1;0;
1.03276;309886;-1;0;
1.03753;345127;-1;0;
1.04232;399766;-1;0;
1.04713;470645;-1;0;
1.05196;553803;-1;0;
1.05682;644655;-1;0;
1.0617;738210;-1;0;
1.0666;829319;-1;0;
1.07152;912935;-1;0;
1.07647;984384;-1;0;
1.08143;1.03962e+06;-1;0;
1.08643;1.07543e+06;-1;0;
1.09144;1.08968e+06;-1;0;
1.09648;1.08137e+06;-1;0;
1.10154;1.05074e+06;-1;0;
1.10662;999282;-1;0;
1.11173;929632;-1;0;
1.11686;845440;-1;0;
1.12202;751155;-1;0;
1.1272;651767;-1;0;
1.1324;552503;-1;0;
1.13763;458516;-1;0;
1.14288;374566;-1;0;
1.14815;304737;-1;0;
1.15345;252181;-1;0;
1.15878;218940;-1;0;
1.16413;205826;-1;0;
1.1695;212394;-1;0;
1.1749;236991;-1;0;
1.18032;276893;-1;0;
1.18577;328506;-1;0;
1.19124;387628;-1;0;
1.19674;449744;-1;0;
1.20226;510337;-1;0;
1.20781;565191;-1;0;
1.21339;610669;-1;0;
1.21899;643929;-1;0;
1.22462;663091;-1;0;
1.23027;667319;-1;0;
1.23595;656825;-1;0;
1.24165;632806;-1;0;
1.24738;597301;-1;0;
1.25314;553005;-1;0;
1.25893;503038;-1;0;
1.26474;450696;-1;0;
1.27057;399215;-1;0;
1.27644;351537;-1;0;
1.28233;310131;-1;0;
1.28825;276852;-1;0;
1.2942;252854;-1;0;
1.30017;238572;-1;0;
1.30617;233745;-1;0;
1.3122;237502;-1;0;
1.31826;248475;-1;0;
1.32434;264944;-1;0;
1.33045;284990;-1;0;
1.3366;306652;-1;0;
1.34276;328068;-1;0;
1.34896;347590;-1;0;
1.35519;363877;-1;0;
1.36144;375947;-1;0;
1.36773;383202;-1;0;
1.37404;385415;-1;0;
1.38038;382702;-1;0;
1.38676;375458;-1;0;
1.39316;364298;-1;0;
1.39959;349983;-1;0;
1.40605;333353;-1;0;
1.41254;315271;-1;0;
1.41906;296572;-1;0;
1.42561;278035;-1;0;
1.43219;260365;-1;0;
1.4388;244183;-1;0;
1.44544;230028;-1;0;
1.45211;218357;-1;0;
1.45881;209542;-1;0;
1.46555;203865;-1;0;
1.47231;201495;-1;0;
1.47911;202464;-1;0;
1.48594;206637;-1;0;
1.49279;213681;-1;0;
1.49968;223044;-1;0;
1.50661;233950;-1;0;
1.51356;245423;-1;0;
1.52055;256334;-1;0;
1.52757;265486;-1;0;
1.53462;271719;-1;0;
1.5417;274038;-1;0;
1.54882;271742;-1;0;
1.55597;264531;-1;0;
1.56315;252594;-1;0;
1.57036;236637;-1;0;
1.57761;217848;-1;0;
1.58489;197807;-1;0;
1.59221;178331;-1;0;
1.59956;161268;-1;0;
1.60694;148279;-1;0;
1.61436;140624;-1;0;
1.62181;138981;-1;0;
1.6293;143336;-1;0;
1.63682;152952;-1;0;
1.64437;166444;-1;0;
1.65196;181930;-1;0;
1.65959;197264;-1;0;
1.66725;210309;-1;0;
1.67494;219218;-1;0;
1.68267;222677;-1;0;
1.69044;220084;-1;0;
1.69824;211631;-1;0;
1.70608;198272;-1;0;
1.71396;181595;-1;0;
1.72187;163598;-1;0;
1.72982;146412;-1;0;
1.7378;132010;-1;0;
1.74582;121939;-1;0;
1.75388;117116;-1;0;
1.76198;117720;-1;0;
1.77011;123186;-1;0;
1.77828;132308;-1;0;
1.78649;143428;-1;0;
1.79473;154691;-1;0;
1.80302;164307;-1;0;
1.81134;170812;-1;0;
1.8197;173261;-1;0;
1.8281;171341;-1;0;
1.83654;165390;-1;0;
1.84502;156311;-1;0;
1.85353;145415;-1;0;
1.86209;134196;-1;0;
1.87068;124099;-1;0;
1.87932;116302;-1;0;
1.88799;111550;-1;0;
1.89671;110071;-1;0;
1.90546;111579;-1;0;
1.91426;115360;-1;0;
1.92309;120422;-1;0;
1.93197;125682;-1;0;
1.94089;130151;-1;0;
1.94984;133081;-1;0;
1.95884;134064;-1;0;
1.96789;133044;-1;0;
1.97697;130284;-1;0;
1.98609;126263;-1;0;
1.99526;121562;-1;0;
2.00447;116750;-1;0;
2.01372;112298;-1;0;
2.02302;108531;-1;0;
2.03236;105626;-1;0;
2.04174;103640;-1;0;
2.05116;102550;-1;0;
2.06063;102291;-1;0;
2.07014;102770;-1;0;
2.0797;103865;-1;0;
2.0893;105402;-1;0;
2.09894;107134;-1;0;
2.10863;108734;-1;0;
2.11836;109821;-1;0;
2.12814;110014;-1;0;
2.13796;109020;-1;0;
2.14783;106716;-1;0;
2.15774;103218;-1;0;
2.1677;98897.4;-1;0;
2.17771;94343.1;-1;0;
2.18776;90258.6;-1;0;
2.19786;87317.6;-1;0;
2.208;86008.9;-1;0;
2.2182;86507.8;-1;0;
2.22844;88609.4;-1;0;
2.23872;91747.3;-1;0;
2.24905;95099;-1;0;
2.25944;97759.8;-1;0;
2.26986;98947.7;-1;0;
2.28034;98191.2;-1;0;
2.29087;95453;-1;0;
2.30144;91155.2;-1;0;
2.31206;86094.5;-1;0;
2.32274;81262.2;-1;0;
2.33346;77609.2;-1;0;
2.34423;75812.4;-1;0;
2.35505;76103.2;-1;0;
2.36592;78203.4;-1;0;
2.37684;81391.3;-1;0;
2.38781;84683.7;-1;0;
2.39883;87088.8;-1;0;
2.40991;87863.5;-1;0;
2.42103;86704.1;-1;0;
2.4322;83817;-1;0;
2.44343;79849.6;-1;0;
2.45471;75701.4;-1;0;
2.46604;72271;-1;0;
2.47742;70213.4;-1;0;
2.48886;69776.8;-1;0;
2.50035;70764.2;-1;0;
2.51189;72622.8;-1;0;
2.52348;74627.2;-1;0;
2.53513;76094.7;-1;0;
2.54683;76565.6;-1;0;
2.55859;75898.6;-1;0;
2.5704;74263.8;-1;0;
2.58226;72048.5;-1;0;
2.59418;69718.2;-1;0;
2.60615;67682.8;-1;0;
2.61818;66206.1;-1;0;
2.63027;65377.6;-1;0;
2.64241;65138.4;-1;0;
2.65461;65336.7;-1;0;
2.66686;65784.9;-1;0;
2.67917;66296.8;-1;0;
2.69153;66702.3;-1;0;
2.70396;66846.3;-1;0;
2.71644;66592.5;-1;0;
2.72898;65843.5;-1;0;
2.74157;64578.7;-1;0;
2.75423;62895.3;-1;0;
2.76694;61026.9;-1;0;
2.77971;59316.1;-1;0;
2.79254;58132;-1;0;
2.80543;57748.9;-1;0;
2.81838;58226.7;-1;0;
2.83139;59344;-1;0;
2.84446;60627.3;-1;0;
2.85759;61484.4;-1;0;
2.87078;61408.6;-1;0;
2.88403;60182.2;-1;0;
2.89734;57991.4;-1;0;
2.91072;55396.2;-1;0;
2.92415;53144.8;-1;0;
2.93765;51896.9;-1;0;
2.95121;51960.5;-1;0;
2.96483;53154.4;-1;0;
2.97852;54862.8;-1;0;
2.99226;56267.7;-1;0;
3.00608;56670.6;-1;0;
3.01995;55769.3;-1;0;
3.03389;53774.2;-1;0;
3.04789;51315.2;-1;0;
3.06196;49178.6;-1;0;
3.0761;47988.7;-1;0;
3.0903;47967.5;-1;0;
3.10456;48869.3;-1;0;
3.11889;50111;-1;0;
3.13329;51030;-1;0;
3.14775;51154.8;-1;0;
3.16228;50372.1;-1;0;
3.17687;48930.9;-1;0;
3.19154;47296.7;-1;0;
3.20627;45937.1;-1;0;
3.22107;45139.5;-1;0;
3.23594;44936.4;-1;0;
3.25087;45149.8;-1;0;
3.26588;45510.8;-1;0;
3.28095;45779.5;-1;0;
3.2961;45807.1;-1;0;
3.31131;45533.6;-1;0;
3.3266;44953.3;-1;0;
3.34195;44097.6;-1;0;
3.35738;43053.4;-1;0;
3.37287;41993.1;-1;0;
3.38844;41163.7;-1;0;
3.40408;40802.5;-1;0;
3.41979;41003.4;-1;0;
3.43558;41610.6;-1;0;
3.45144;42229.2;-1;0;
3.46737;42382.8;-1;0;
3.48337;41759.6;-1;0;
3.49945;40412.2;-1;0;
3.5156;38781.9;-1;0;
3.53183;37503.4;-1;0;
3.54813;37075.7;-1;0;
3.56451;37577.5;-1;0;
3.58096;38596;-1;0;
3.59749;39428.8;-1;0;
3.6141;39460.1;-1;0;
3.63078;38502.5;-1;0;
3.64754;36906.3;-1;0;
3.66438;35364.2;-1;0;
3.68129;34520.9;-1;0;
3.69828;34614.6;-1;0;
3.71535;35360.5;-1;0;
3.7325;36139.4;-1;0;
3.74973;36369.2;-1;0;
3.76704;35826.5;-1;0;
3.78443;34732.6;-1;0;
3.80189;33572.1;-1;0;
3.81944;32786.3;-1;0;
3.83707;32542.2;-1;0;
3.85478;32702.6;-1;0;
3.87258;32973;-1;0;
3.89045;33093;-1;0;
3.90841;32942.5;-1;0;
3.92645;32530.4;-1;0;
3.94457;31929.4;-1;0;
3.96278;31237.8;-1;0;
3.98107;30587.8;-1;0;
3.99945;30144.9;-1;0;
4.01791;30042.5;-1;0;
4.03645;30266.1;-1;0;
4.05509;30587.3;-1;0;
4.0738;30647.7;-1;0;
4.09261;30184.1;-1;0;
4.1115;29249;-1;0;
4.13048;28239;-1;0;
4.14954;27660.2;-1;0;
4.16869;27766.6;-1;0;
4.18794;28342.2;-1;0;
4.20727;28820;-1;0;
4.22669;28681.2;-1;0;
4.2462;27843.7;-1;0;
4.2658;26733.5;-1;0;
4.28549;25968.9;-1;0;
4.30527;25898.4;-1;0;
4.32514;26352.5;-1;0;
4.3451;26797.7;-1;0;
4.36516;26757.5;-1;0;
4.38531;26154.8;-1;0;
4.40555;25320.1;-1;0;
4.42588;24694.7;-1;0;
4.44631;24497.8;-1;0;
4.46684;24618.5;-1;0;
4.48745;24770.5;-1;0;
4.50817;24730.2;-1;0;
4.52898;24452.9;-1;0;
4.54988;24024.9;-1;0;
4.57088;23560.2;-1;0;
4.59198;23158.2;-1;0;
4.61318;22910.5;-1;0;
4.63447;22873.5;-1;0;
4.65586;22985.1;-1;0;
4.67735;23035.6;-1;0;
4.69894;22794.7;-1;0;
4.72063;22230.9;-1;0;
4.74242;21603.7;-1;0;
4.76431;21280.2;-1;0;
4.7863;21398.9;-1;0;
4.80839;21704;-1;0;
4.83059;21749.7;-1;0;
4.85289;21311.9;-1;0;
4.87528;20611.3;-1;0;
4.89779;20111.9;-1;0;
4.9204;20080.6;-1;0;
4.94311;20342.8;-1;0;
4.96592;20470.5;-1;0;
4.98884;20202.1;-1;0;
5.01187;19665.8;-1;0;
5.03501;19209.4;-1;0;
5.05825;19048.8;-1;0;
5.08159;19103.3;-1;0;
5.10505;19137.2;-1;0;
5.12861;19001.7;-1;0;
5.15229;18721.1;-1;0;
5.17607;18402.4;-1;0;
5.19996;18131.3;-1;0;
5.22396;17955.5;-1;0;
5.24807;17892.6;-1;0;
5.2723;17891.7;-1;0;
5.29663;17818.4;-1;0;
5.32108;17559.3;-1;0;
5.34564;17173.8;-1;0;
5.37032;16883.7;-1;0;
5.39511;16846.3;-1;0;
5.42001;16951.4;-1;0;
5.44503;16914.9;-1;0;
5.47016;16599.9;-1;0;
5.49541;16186.5;-1;0;
5.52077;15967.4;-1;0;
5.54626;16006.2;-1;0;
5.57186;16073.8;-1;0;
5.59758;15932.5;-1;0;
5.62341;15606.3;-1;0;
5.64937;15317.9;-1;0;
5.67545;15208.6;-1;0;
5.70164;15202.5;-1;0;
5.72796;15142;-1;0;
5.7544;14972.3;-1;0;
5.78096;14755.4;-1;0;
5.80764;14564.5;-1;0;
5.83445;14428.3;-1;0;
5.86138;14345.1;-1;0;
5.88844;14283.4;-1;0;
5.91562;14174.8;-1;0;
5.94292;13977.3;-1;0;
5.97035;13754.9;-1;0;
5.99791;13626.2;-1;0;
6.0256;13605.2;-1;0;
6.05341;13559.7;-1;0;
6.08135;13381.8;-1;0;
6.10942;13143.4;-1;0;
6.13762;13000;-1;0;
6.16595;12973.6;-1;0;
6.19441;12929.5;-1;0;
6.223;12773.5;-1;0;
6.25173;12572.9;-1;0;
6.28058;12440.7;-1;0;
6.30957;12380.1;-1;0;
6.3387;12308.1;-1;0;
6.36796;12182.8;-1;0;
6.39735;12036.6;-1;0;
6.42688;11909;-1;0;
6.45654;11807.7;-1;0;
6.48634;11723;-1;0;
6.51628;11634.4;-1;0;
6.54636;11517.4;-1;0;
6.57658;11378.7;-1;0;
6.60693;11263.7;-1;0;
6.63743;11192.4;-1;0;
6.66807;11118.4;-1;0;
6.69885;10997.7;-1;0;
6.72977;10861.2;-1;0;
6.76083;10765;-1;0;
6.79204;10700;-1;0;
6.82339;10611.7;-1;0;
6.85488;10491.2;-1;0;
6.88652;10380.3;-1;0;
6.91831;10297.8;-1;0;
6.95024;10218.5;-1;0;
6.98232;10123;-1;0;
7.01455;10021.2;-1;0;
7.04693;9926.52;-1;0;
7.07946;9839.62;-1;0;
7.11214;9755.78;-1;0;
7.14496;9669.05;-1;0;
7.17794;9576.17;-1;0;
7.21107;9483.95;-1;0;
7.24436;9401.01;-1;0;
7.2778;9322.2;-1;0;
7.31139;9236.48;-1;0;
7.34514;9146.72;-1;0;
7.37904;9063.62;-1;0;
7.4131;8986.07;-1;0;
7.44732;8905.6;-1;0;
7.4817;8822.22;-1;0;
7.51623;8741.34;-1;0;
7.55092;8663.57;-1;0;
7.58578;8586.11;-1;0;
7.62079;8508.16;-1;0;
7.65597;8430.8;-1;0;
7.6913;8354.58;-1;0;
7.72681;8279.26;-1;0;
7.76247;8204.69;-1;0;
7.7983;8130.76;-1;0;
7.8343;8057.42;-1;0;
7.87046;7984.68;-1;0;
7.90679;7912.37;-1;0;
7.94328;7841.03;-1;0;
7.97995;7771.01;-1;0;
8.01678;7701.25;-1;0;
8.05378;7631.09;-1;0;
8.09096;7561.78;-1;0;
8.12831;7494.68;-1;0;
8.16582;7428.13;-1;0;
8.20352;7360.24;-1;0;
8.24138;7293.02;-1;0;
8.27942;7228.16;-1;0;
8.31764;7164.27;-1;0;
8.35603;7099.84;-1;0;
8.3946;7034.34;-1;0;
8.43335;6970.16;-1;0;
8.47227;6910.4;-1;0;
8.51138;6849.77;-1;0;
8.55067;6783.34;-1;0;
8.59014;6721.46;-1;0;
8.62979;6667.8;-1;0;
8.66962;6606.69;-1;0;
8.70964;6540.01;-1;0;
8.74984;6484.98;-1;0;
8.79023;6432.53;-1;0;
8.8308;6369.64;-1;0;
8.87156;6308.77;-1;0;
8.91251;6256.24;-1;0;
8.95365;6202.89;-1;0;
8.99498;6144.4;-1;0;
9.03649;6084.25;-1;0;
9.07821;6033.37;-1;0;
9.12011;5986.21;-1;0;
9.1622;5923.42;-1;0;
9.2045;5865.08;-1;0;
9.24698;5826.38;-1;0;
9.28966;5771.3;-1;0;
9.33254;5705.87;-1;0;
9.37562;5664.91;-1;0;
9.4189;5620.2;-1;0;
9.46237;5557.73;-1;0;
9.50605;5507.91;-1;0;
9.54993;5466.26;-1;0;
9.59401;5416.1;-1;0;
9.63829;5359.87;-1;0;
9.68278;5312.11;-1;0;
9.72747;5275.62;-1;0;
9.77237;5219.93;-1;0;
9.81748;5163.01;-1;0;
9.86279;5134.31;-1;0;
9.90832;5084.1;-1;0;
9.95405;5022.52;-1;0;
10;4993.15;-1;0;

