0.1;3.51628e+08;-1;0;
0.100462;3.48674e+08;-1;0;
0.100925;3.45726e+08;-1;0;
0.101391;3.42784e+08;-1;0;
0.101859;3.39849e+08;-1;0;
0.102329;3.3692e+08;-1;0;
0.102802;3.33998e+08;-1;0;
0.103276;3.31084e+08;-1;0;
0.103753;3.28177e+08;-1;0;
0.104232;3.25278e+08;-1;0;
0.104713;3.22387e+08;-1;0;
0.105196;3.19505e+08;-1;0;
0.105682;3.16631e+08;-1;0;
0.10617;3.13765e+08;-1;0;
0.10666;3.10909e+08;-1;0;
0.107152;3.08062e+08;-1;0;
0.107647;3.05224e+08;-1;0;
0.108143;3.02396e+08;-1;0;
0.108643;2.99579e+08;-1;0;
0.109144;2.96771e+08;-1;0;
0.109648;2.93974e+08;-1;0;
0.110154;2.91187e+08;-1;0;
0.110662;2.88411e+08;-1;0;
0.111173;2.85647e+08;-1;0;
0.111686;2.82894e+08;-1;0;
0.112202;2.80152e+08;-1;0;
0.11272;2.77422e+08;-1;0;
0.11324;2.74704e+08;-1;0;
0.113763;2.71998e+08;-1;0;
0.114288;2.69304e+08;-1;0;
0.114815;2.66623e+08;-1;0;
0.115345;2.63955e+08;-1;0;
0.115878;2.613e+08;-1;0;
0.116413;2.58658e+08;-1;0;
0.11695;2.56029e+08;-1;0;
0.11749;2.53413e+08;-1;0;
0.118032;2.50812e+08;-1;0;
0.118577;2.48224e+08;-1;0;
0.119124;2.45649e+08;-1;0;
0.119674;2.4309e+08;-1;0;
0.120226;2.40544e+08;-1;0;
0.120781;2.38013e+08;-1;0;
0.121339;2.35496e+08;-1;0;
0.121899;2.32994e+08;-1;0;
0.122462;2.30507e+08;-1;0;
0.123027;2.28034e+08;-1;0;
0.123595;2.25577e+08;-1;0;
0.124165;2.23135e+08;-1;0;
0.124738;2.20708e+08;-1;0;
0.125314;2.18297e+08;-1;0;
0.125893;2.159e+08;-1;0;
0.126474;2.1352e+08;-1;0;
0.127057;2.11155e+08;-1;0;
0.127644;2.08806e+08;-1;0;
0.128233;2.06472e+08;-1;0;
0.128825;2.04155e+08;-1;0;
0.12942;2.01853e+08;-1;0;
0.130017;1.99567e+08;-1;0;
0.130617;1.97297e+08;-1;0;
0.13122;1.95043e+08;-1;0;
0.131826;1.92805e+08;-1;0;
0.132434;1.90583e+08;-1;0;
0.133045;1.88377e+08;-1;0;
0.13366;1.86187e+08;-1;0;
0.134276;1.84013e+08;-1;0;
0.134896;1.81856e+08;-1;0;
0.135519;1.79714e+08;-1;0;
0.136144;1.77588e+08;-1;0;
0.136773;1.75479e+08;-1;0;
0.137404;1.73385e+08;-1;0;
0.138038;1.71307e+08;-1;0;
0.138676;1.69245e+08;-1;0;
0.139316;1.67199e+08;-1;0;
0.139959;1.65169e+08;-1;0;
0.140605;1.63154e+08;-1;0;
0.141254;1.61155e+08;-1;0;
0.141906;1.59172e+08;-1;0;
0.142561;1.57204e+08;-1;0;
0.143219;1.55251e+08;-1;0;
0.14388;1.53314e+08;-1;0;
0.144544;1.51392e+08;-1;0;
0.145211;1.49485e+08;-1;0;
0.145881;1.47593e+08;-1;0;
0.146555;1.45716e+08;-1;0;
0.147231;1.43854e+08;-1;0;
0.147911;1.42006e+08;-1;0;
0.148594;1.40173e+08;-1;0;
0.149279;1.38354e+08;-1;0;
0.149968;1.3655e+08;-1;0;
0.150661;1.3476e+08;-1;0;
0.151356;1.32983e+08;-1;0;
0.152055;1.31221e+08;-1;0;
0.152757;1.29472e+08;-1;0;
0.153462;1.27737e+08;-1;0;
0.15417;1.26015e+08;-1;0;
0.154882;1.24307e+08;-1;0;
0.155597;1.22611e+08;-1;0;
0.156315;1.20929e+08;-1;0;
0.157036;1.19259e+08;-1;0;
0.157761;1.17602e+08;-1;0;
0.158489;1.15957e+08;-1;0;
0.159221;1.14325e+08;-1;0;
0.159956;1.12705e+08;-1;0;
0.160694;1.11097e+08;-1;0;
0.161436;1.09501e+08;-1;0;
0.162181;1.07916e+08;-1;0;
0.16293;1.06343e+08;-1;0;
0.163682;1.04781e+08;-1;0;
0.164437;1.03231e+08;-1;0;
0.165196;1.01692e+08;-1;0;
0.165959;1.00163e+08;-1;0;
0.166725;9.86457e+07;-1;0;
0.167494;9.71388e+07;-1;0;
0.168267;9.56425e+07;-1;0;
0.169044;9.41565e+07;-1;0;
0.169824;9.26809e+07;-1;0;
0.170608;9.12154e+07;-1;0;
0.171396;8.976e+07;-1;0;
0.172187;8.83145e+07;-1;0;
0.172982;8.68788e+07;-1;0;
0.17378;8.54529e+07;-1;0;
0.174582;8.40367e+07;-1;0;
0.175388;8.263e+07;-1;0;
0.176198;8.12328e+07;-1;0;
0.177011;7.98451e+07;-1;0;
0.177828;7.84667e+07;-1;0;
0.178649;7.70976e+07;-1;0;
0.179473;7.57378e+07;-1;0;
0.180302;7.43873e+07;-1;0;
0.181134;7.30459e+07;-1;0;
0.18197;7.17138e+07;-1;0;
0.18281;7.03908e+07;-1;0;
0.183654;6.90769e+07;-1;0;
0.184502;6.77723e+07;-1;0;
0.185353;6.64769e+07;-1;0;
0.186209;6.51907e+07;-1;0;
0.187068;6.39137e+07;-1;0;
0.187932;6.2646e+07;-1;0;
0.188799;6.13877e+07;-1;0;
0.189671;6.01389e+07;-1;0;
0.190546;5.88995e+07;-1;0;
0.191426;5.76697e+07;-1;0;
0.192309;5.64496e+07;-1;0;
0.193197;5.52392e+07;-1;0;
0.194089;5.40387e+07;-1;0;
0.194984;5.28482e+07;-1;0;
0.195884;5.16679e+07;-1;0;
0.196789;5.04977e+07;-1;0;
0.197697;4.9338e+07;-1;0;
0.198609;4.81889e+07;-1;0;
0.199526;4.70505e+07;-1;0;
0.200447;4.59229e+07;-1;0;
0.201372;4.48064e+07;-1;0;
0.202302;4.37012e+07;-1;0;
0.203236;4.26073e+07;-1;0;
0.204174;4.15251e+07;-1;0;
0.205116;4.04547e+07;-1;0;
0.206063;3.93963e+07;-1;0;
0.207014;3.83502e+07;-1;0;
0.20797;3.73164e+07;-1;0;
0.20893;3.62953e+07;-1;0;
0.209894;3.52871e+07;-1;0;
0.210863;3.4292e+07;-1;0;
0.211836;3.33101e+07;-1;0;
0.212814;3.23418e+07;-1;0;
0.213796;3.13872e+07;-1;0;
0.214783;3.04466e+07;-1;0;
0.215774;2.95201e+07;-1;0;
0.21677;2.8608e+07;-1;0;
0.217771;2.77106e+07;-1;0;
0.218776;2.68279e+07;-1;0;
0.219786;2.59603e+07;-1;0;
0.2208;2.51079e+07;-1;0;
0.22182;2.42709e+07;-1;0;
0.222844;2.34496e+07;-1;0;
0.223872;2.2644e+07;-1;0;
0.224905;2.18543e+07;-1;0;
0.225944;2.10808e+07;-1;0;
0.226986;2.03235e+07;-1;0;
0.228034;1.95827e+07;-1;0;
0.229087;1.88584e+07;-1;0;
0.230144;1.81508e+07;-1;0;
0.231206;1.746e+07;-1;0;
0.232274;1.6786e+07;-1;0;
0.233346;1.61291e+07;-1;0;
0.234423;1.54891e+07;-1;0;
0.235505;1.48662e+07;-1;0;
0.236592;1.42605e+07;-1;0;
0.237684;1.36719e+07;-1;0;
0.238781;1.31005e+07;-1;0;
0.239883;1.25462e+07;-1;0;
0.240991;1.2009e+07;-1;0;
0.242103;1.14889e+07;-1;0;
0.24322;1.09859e+07;-1;0;
0.244343;1.04997e+07;-1;0;
0.245471;1.00305e+07;-1;0;
0.246604;9.57793e+06;-1;0;
0.247742;9.14199e+06;-1;0;
0.248886;8.72251e+06;-1;0;
0.250035;8.31931e+06;-1;0;
0.251189;7.93223e+06;-1;0;
0.252348;7.56105e+06;-1;0;
0.253513;7.20555e+06;-1;0;
0.254683;6.86551e+06;-1;0;
0.255859;6.54067e+06;-1;0;
0.25704;6.23076e+06;-1;0;
0.258226;5.9355e+06;-1;0;
0.259418;5.65461e+06;-1;0;
0.260615;5.38775e+06;-1;0;
0.261818;5.13462e+06;-1;0;
0.263027;4.89487e+06;-1;0;
0.264241;4.66816e+06;-1;0;
0.265461;4.45413e+06;-1;0;
0.266686;4.25241e+06;-1;0;
0.267917;4.06261e+06;-1;0;
0.269153;3.88437e+06;-1;0;
0.270396;3.71727e+06;-1;0;
0.271644;3.56094e+06;-1;0;
0.272898;3.41495e+06;-1;0;
0.274157;3.27892e+06;-1;0;
0.275423;3.15242e+06;-1;0;
0.276694;3.03505e+06;-1;0;
0.277971;2.92641e+06;-1;0;
0.279254;2.82608e+06;-1;0;
0.280543;2.73367e+06;-1;0;
0.281838;2.64876e+06;-1;0;
0.283139;2.57098e+06;-1;0;
0.284446;2.49992e+06;-1;0;
0.285759;2.4352e+06;-1;0;
0.287078;2.37647e+06;-1;0;
0.288403;2.32334e+06;-1;0;
0.289734;2.27548e+06;-1;0;
0.291072;2.23253e+06;-1;0;
0.292415;2.19418e+06;-1;0;
0.293765;2.16011e+06;-1;0;
0.295121;2.13003e+06;-1;0;
0.296483;2.10364e+06;-1;0;
0.297852;2.08069e+06;-1;0;
0.299226;2.06091e+06;-1;0;
0.300608;2.04408e+06;-1;0;
0.301995;2.02998e+06;-1;0;
0.303389;2.01842e+06;-1;0;
0.304789;2.0092e+06;-1;0;
0.306196;2.00216e+06;-1;0;
0.30761;1.99716e+06;-1;0;
0.30903;1.99408e+06;-1;0;
0.310456;1.99279e+06;-1;0;
0.311889;1.99321e+06;-1;0;
0.313329;1.99525e+06;-1;0;
0.314775;1.99886e+06;-1;0;
0.316228;2.00399e+06;-1;0;
0.317687;2.0106e+06;-1;0;
0.319154;2.01868e+06;-1;0;
0.320627;2.02822e+06;-1;0;
0.322107;2.03921e+06;-1;0;
0.323594;2.05168e+06;-1;0;
0.325087;2.06565e+06;-1;0;
0.326588;2.08115e+06;-1;0;
0.328095;2.09821e+06;-1;0;
0.32961;2.11687e+06;-1;0;
0.331131;2.13717e+06;-1;0;
0.33266;2.15916e+06;-1;0;
0.334195;2.18289e+06;-1;0;
0.335738;2.20838e+06;-1;0;
0.337287;2.23569e+06;-1;0;
0.338844;2.26484e+06;-1;0;
0.340408;2.29586e+06;-1;0;
0.341979;2.32877e+06;-1;0;
0.343558;2.36357e+06;-1;0;
0.345144;2.40027e+06;-1;0;
0.346737;2.43886e+06;-1;0;
0.348337;2.47929e+06;-1;0;
0.349945;2.52155e+06;-1;0;
0.35156;2.56555e+06;-1;0;
0.353183;2.61124e+06;-1;0;
0.354813;2.65852e+06;-1;0;
0.356451;2.7073e+06;-1;0;
0.358096;2.75743e+06;-1;0;
0.359749;2.80878e+06;-1;0;
0.36141;2.8612e+06;-1;0;
0.363078;2.9145e+06;-1;0;
0.364754;2.9685e+06;-1;0;
0.366438;3.02297e+06;-1;0;
0.368129;3.0777e+06;-1;0;
0.369828;3.13245e+06;-1;0;
0.371535;3.18696e+06;-1;0;
0.37325;3.24096e+06;-1;0;
0.374973;3.29418e+06;-1;0;
0.376704;3.34634e+06;-1;0;
0.378443;3.39713e+06;-1;0;
0.380189;3.44627e+06;-1;0;
0.381944;3.49345e+06;-1;0;
0.383707;3.53836e+06;-1;0;
0.385478;3.58072e+06;-1;0;
0.387258;3.62023e+06;-1;0;
0.389045;3.65658e+06;-1;0;
0.390841;3.68951e+06;-1;0;
0.392645;3.71875e+06;-1;0;
0.394457;3.74403e+06;-1;0;
0.396278;3.76512e+06;-1;0;
0.398107;3.78179e+06;-1;0;
0.399945;3.79386e+06;-1;0;
0.401791;3.80113e+06;-1;0;
0.403645;3.80345e+06;-1;0;
0.405509;3.8007e+06;-1;0;
0.40738;3.79279e+06;-1;0;
0.409261;3.77964e+06;-1;0;
0.41115;3.76121e+06;-1;0;
0.413048;3.73749e+06;-1;0;
0.414954;3.70852e+06;-1;0;
0.416869;3.67436e+06;-1;0;
0.418794;3.63508e+06;-1;0;
0.420727;3.59082e+06;-1;0;
0.422669;3.54173e+06;-1;0;
0.42462;3.48799e+06;-1;0;
0.42658;3.42982e+06;-1;0;
0.428549;3.36746e+06;-1;0;
0.430527;3.30118e+06;-1;0;
0.432514;3.23126e+06;-1;0;
0.43451;3.15803e+06;-1;0;
0.436516;3.08182e+06;-1;0;
0.438531;3.00296e+06;-1;0;
0.440555;2.92183e+06;-1;0;
0.442588;2.83878e+06;-1;0;
0.444631;2.75421e+06;-1;0;
0.446684;2.66847e+06;-1;0;
0.448745;2.58195e+06;-1;0;
0.450817;2.49503e+06;-1;0;
0.452898;2.40806e+06;-1;0;
0.454988;2.3214e+06;-1;0;
0.457088;2.23538e+06;-1;0;
0.459198;2.15033e+06;-1;0;
0.461318;2.06654e+06;-1;0;
0.463447;1.98429e+06;-1;0;
0.465586;1.90383e+06;-1;0;
0.467735;1.82538e+06;-1;0;
0.469894;1.74913e+06;-1;0;
0.472063;1.67524e+06;-1;0;
0.474242;1.60384e+06;-1;0;
0.476431;1.53503e+06;-1;0;
0.47863;1.46887e+06;-1;0;
0.480839;1.4054e+06;-1;0;
0.483059;1.34461e+06;-1;0;
0.485289;1.28648e+06;-1;0;
0.487528;1.23096e+06;-1;0;
0.489779;1.17796e+06;-1;0;
0.49204;1.12738e+06;-1;0;
0.494311;1.0791e+06;-1;0;
0.496592;1.03298e+06;-1;0;
0.498884;988854;-1;0;
0.501187;946571;-1;0;
0.503501;905960;-1;0;
0.505825;866848;-1;0;
0.508159;829069;-1;0;
0.510505;792460;-1;0;
0.512861;756867;-1;0;
0.515229;722152;-1;0;
0.517607;688192;-1;0;
0.519996;654884;-1;0;
0.522396;622146;-1;0;
0.524807;589923;-1;0;
0.52723;558182;-1;0;
0.529663;526921;-1;0;
0.532108;496162;-1;0;
0.534564;465959;-1;0;
0.537032;436387;-1;0;
0.539511;407552;-1;0;
0.542001;379579;-1;0;
0.544503;352619;-1;0;
0.547016;326838;-1;0;
0.549541;302416;-1;0;
0.552077;279547;-1;0;
0.554626;258429;-1;0;
0.557186;239263;-1;0;
0.559758;222246;-1;0;
0.562341;207568;-1;0;
0.564937;195406;-1;0;
0.567545;185920;-1;0;
0.570164;179246;-1;0;
0.572796;175496;-1;0;
0.57544;174749;-1;0;
0.578096;177053;-1;0;
0.580764;182416;-1;0;
0.583445;190809;-1;0;
0.586138;202164;-1;0;
0.588844;216369;-1;0;
0.591562;233274;-1;0;
0.594292;252689;-1;0;
0.597035;274385;-1;0;
0.599791;298100;-1;0;
0.60256;323540;-1;0;
0.605341;350383;-1;0;
0.608135;378288;-1;0;
0.610942;406895;-1;0;
0.613762;435834;-1;0;
0.616595;464733;-1;0;
0.619441;493221;-1;0;
0.6223;520937;-1;0;
0.625173;547535;-1;0;
0.628058;572692;-1;0;
0.630957;596114;-1;0;
0.63387;617537;-1;0;
0.636796;636740;-1;0;
0.639735;653539;-1;0;
0.642688;667798;-1;0;
0.645654;679426;-1;0;
0.648634;688381;-1;0;
0.651628;694666;-1;0;
0.654636;698332;-1;0;
0.657658;699473;-1;0;
0.660693;698220;-1;0;
0.663743;694743;-1;0;
0.666807;689241;-1;0;
0.669885;681934;-1;0;
0.672977;673062;-1;0;
0.676083;662875;-1;0;
0.679204;651626;-1;0;
0.682339;639561;-1;0;
0.685488;626918;-1;0;
0.688652;613917;-1;0;
0.691831;600753;-1;0;
0.695024;587594;-1;0;
0.698232;574574;-1;0;
0.701455;561792;-1;0;
0.704693;549311;-1;0;
0.707946;537153;-1;0;
0.711214;525308;-1;0;
0.714496;513728;-1;0;
0.717794;502335;-1;0;
0.721107;491024;-1;0;
0.724436;479671;-1;0;
0.72778;468135;-1;0;
0.731139;456271;-1;0;
0.734514;443932;-1;0;
0.737904;430978;-1;0;
0.74131;417287;-1;0;
0.744732;402756;-1;0;
0.74817;387313;-1;0;
0.751623;370917;-1;0;
0.755092;353568;-1;0;
0.758578;335305;-1;0;
0.762079;316207;-1;0;
0.765597;296397;-1;0;
0.76913;276039;-1;0;
0.772681;255329;-1;0;
0.776247;234498;-1;0;
0.77983;213799;-1;0;
0.78343;193506;-1;0;
0.787046;173899;-1;0;
0.790679;155258;-1;0;
0.794328;137855;-1;0;
0.797995;121944;-1;0;
0.801678;107750;-1;0;
0.805378;95463.3;-1;0;
0.809096;85233;-1;0;
0.812831;77159.6;-1;0;
0.816582;71292.9;-1;0;
0.820352;67628.8;-1;0;
0.824138;66110.1;-1;0;
0.827942;66627.8;-1;0;
0.831764;69025.2;-1;0;
0.835603;73103.8;-1;0;
0.83946;78630;-1;0;
0.843335;85344;-1;0;
0.847227;92969.2;-1;0;
0.851138;101223;-1;0;
0.855067;109824;-1;0;
0.859014;118508;-1;0;
0.862979;127031;-1;0;
0.866962;135180;-1;0;
0.870964;142781;-1;0;
0.874984;149700;-1;0;
0.879023;155850;-1;0;
0.88308;161188;-1;0;
0.887156;165718;-1;0;
0.891251;169481;-1;0;
0.895365;172555;-1;0;
0.899498;175045;-1;0;
0.903649;177076;-1;0;
0.907821;178782;-1;0;
0.912011;180298;-1;0;
0.91622;181748;-1;0;
0.92045;183240;-1;0;
0.924698;184855;-1;0;
0.928966;186644;-1;0;
0.933254;188618;-1;0;
0.937562;190754;-1;0;
0.94189;192990;-1;0;
0.946237;195230;-1;0;
0.950605;197348;-1;0;
0.954993;199194;-1;0;
0.959401;200606;-1;0;
0.963829;201415;-1;0;
0.968278;201462;-1;0;
0.972747;200598;-1;0;
0.977237;198706;-1;0;
0.981748;195699;-1;0;
0.986279;191532;-1;0;
0.990832;186206;-1;0;
0.995405;179769;-1;0;
1;172316;-1;0;
1.00462;163985;-1;0;
1.00925;154953;-1;0;
1.01391;145425;-1;0;
1.01859;135630;-1;0;
1.02329;125802;-1;0;
1.02802;116174;-1;0;
1.03276;106967;-1;0;
1.03753;98374.9;-1;0;
1.04232;90560.3;-1;0;
1.04713;83644.7;-1;0;
1.05196;77704.4;-1;0;
1.05682;72769.3;-1;0;
1.0617;68823.6;-1;0;
1.0666;65809.6;-1;0;
1.07152;63634.3;-1;0;
1.07647;62177.8;-1;0;
1.08143;61302.8;-1;0;
1.08643;60865.6;-1;0;
1.09144;60726.7;-1;0;
1.09648;60760.2;-1;0;
1.10154;60862.7;-1;0;
1.10662;60959.4;-1;0;
1.11173;61007.6;-1;0;
1.11686;60998.2;-1;0;
1.12202;60953.1;-1;0;
1.1272;60921.6;-1;0;
1.1324;60973;-1;0;
1.13763;61188.1;-1;0;
1.14288;61649.8;-1;0;
1.14815;62433.5;-1;0;
1.15345;63597.5;-1;0;
1.15878;65175.7;-1;0;
1.16413;67171.5;-1;0;
1.1695;69554.5;-1;0;
1.1749;72260.7;-1;0;
1.18032;75194.7;-1;0;
1.18577;78235.2;-1;0;
1.19124;81242.7;-1;0;
1.19674;84069.1;-1;0;
1.20226;86568;-1;0;
1.20781;88605.3;-1;0;
1.21339;90068.9;-1;0;
1.21899;90876.5;-1;0;
1.22462;90982.1;-1;0;
1.23027;90378.3;-1;0;
1.23595;89096.2;-1;0;
1.24165;87202.8;-1;0;
1.24738;84794.7;-1;0;
1.25314;81989.7;-1;0;
1.25893;78917.7;-1;0;
1.26474;75710.2;-1;0;
1.27057;72490.1;-1;0;
1.27644;69363.4;-1;0;
1.28233;66412.1;-1;0;
1.28825;63690.3;-1;0;
1.2942;61222.7;-1;0;
1.30017;59006.2;-1;0;
1.30617;57014.3;-1;0;
1.3122;55203.9;-1;0;
1.31826;53522.8;-1;0;
1.32434;51918.1;-1;0;
1.33045;50344.9;-1;0;
1.3366;48772.7;-1;0;
1.34276;47190.1;-1;0;
1.34896;45607.4;-1;0;
1.35519;44056.2;-1;0;
1.36144;42585.8;-1;0;
1.36773;41258.1;-1;0;
1.37404;40140.1;-1;0;
1.38038;39295.5;-1;0;
1.38676;38777.5;-1;0;
1.39316;38620.6;-1;0;
1.39959;38836.2;-1;0;
1.40605;39409.2;-1;0;
1.41254;40298.3;-1;0;
1.41906;41438.4;-1;0;
1.42561;42746.6;-1;0;
1.43219;44128.7;-1;0;
1.4388;45488.2;-1;0;
1.44544;46734.3;-1;0;
1.45211;47790.4;-1;0;
1.45881;48599.6;-1;0;
1.46555;49128.9;-1;0;
1.47231;49370;-1;0;
1.47911;49337.9;-1;0;
1.48594;49066.4;-1;0;
1.49279;48602.5;-1;0;
1.49968;47999;-1;0;
1.50661;47307;-1;0;
1.51356;46570.4;-1;0;
1.52055;45820.1;-1;0;
1.52757;45072;-1;0;
1.53462;44326.8;-1;0;
1.5417;43572.2;-1;0;
1.54882;42787.4;-1;0;
1.55597;41948.6;-1;0;
1.56315;41035.5;-1;0;
1.57036;40036;-1;0;
1.57761;38951.5;-1;0;
1.58489;37798.4;-1;0;
1.59221;36608;-1;0;
1.59956;35424.3;-1;0;
1.60694;34299.1;-1;0;
1.61436;33285.9;-1;0;
1.62181;32433.1;-1;0;
1.6293;31778.6;-1;0;
1.63682;31343.9;-1;0;
1.64437;31132;-1;0;
1.65196;31126.9;-1;0;
1.65959;31295.6;-1;0;
1.66725;31592.7;-1;0;
1.67494;31965.9;-1;0;
1.68267;32363.2;-1;0;
1.69044;32738.3;-1;0;
1.69824;33056.2;-1;0;
1.70608;33295.5;-1;0;
1.71396;33449.4;-1;0;
1.72187;33523.7;-1;0;
1.72982;33533.3;-1;0;
1.7378;33496.7;-1;0;
1.74582;33431.3;-1;0;
1.75388;33348.5;-1;0;
1.76198;33250.8;-1;0;
1.77011;33130.6;-1;0;
1.77828;32972;-1;0;
1.78649;32753.7;-1;0;
1.79473;32454.1;-1;0;
1.80302;32056.3;-1;0;
1.81134;31552.9;-1;0;
1.8197;30949.3;-1;0;
1.8281;30264.7;-1;0;
1.83654;29530.4;-1;0;
1.84502;28786.2;-1;0;
1.85353;28075.2;-1;0;
1.86209;27437.1;-1;0;
1.87068;26903;-1;0;
1.87932;26490.6;-1;0;
1.88799;26202.8;-1;0;
1.89671;26028.2;-1;0;
1.90546;25944;-1;0;
1.91426;25921.7;-1;0;
1.92309;25932.1;-1;0;
1.93197;25951.2;-1;0;
1.94089;25964.1;-1;0;
1.94984;25966.1;-1;0;
1.95884;25961.6;-1;0;
1.96789;25960.9;-1;0;
1.97697;25975.3;-1;0;
1.98609;26011.5;-1;0;
1.99526;26068.2;-1;0;
2.00447;26133.4;-1;0;
2.01372;26185.8;-1;0;
2.02302;26197.9;-1;0;
2.03236;26141.7;-1;0;
2.04174;25994.4;-1;0;
2.05116;25744.5;-1;0;
2.06063;25394.9;-1;0;
2.07014;24963.2;-1;0;
2.0797;24479;-1;0;
2.0893;23978.5;-1;0;
2.09894;23497.5;-1;0;
2.10863;23064.6;-1;0;
2.11836;22696.6;-1;0;
2.12814;22396.3;-1;0;
2.13796;22154.7;-1;0;
2.14783;21955;-1;0;
2.15774;21779.1;-1;0;
2.1677;21614;-1;0;
2.17771;21455.8;-1;0;
2.18776;21311.1;-1;0;
2.19786;21194.3;-1;0;
2.208;21123;-1;0;
2.2182;21110.4;-1;0;
2.22844;21159.4;-1;0;
2.23872;21259.2;-1;0;
2.24905;21385.2;-1;0;
2.25944;21503.1;-1;0;
2.26986;21576.6;-1;0;
2.28034;21575.3;-1;0;
2.29087;21482.4;-1;0;
2.30144;21298.1;-1;0;
2.31206;21038.8;-1;0;
2.32274;20732.3;-1;0;
2.33346;20409.3;-1;0;
2.34423;20095.1;-1;0;
2.35505;19803.7;-1;0;
2.36592;19535.1;-1;0;
2.37684;19278.3;-1;0;
2.38781;19018.1;-1;0;
2.39883;18743.1;-1;0;
2.40991;18453;-1;0;
2.42103;18161.4;-1;0;
2.4322;17893.7;-1;0;
2.44343;17680.2;-1;0;
2.45471;17546.5;-1;0;
2.46604;17504.3;-1;0;
2.47742;17546.3;-1;0;
2.48886;17646.6;-1;0;
2.50035;17767.1;-1;0;
2.51189;17868.1;-1;0;
2.52348;17918.9;-1;0;
2.53513;17905.5;-1;0;
2.54683;17832.3;-1;0;
2.55859;17717.7;-1;0;
2.5704;17584.4;-1;0;
2.58226;17448.9;-1;0;
2.59418;17314.4;-1;0;
2.60615;17169.3;-1;0;
2.61818;16992.4;-1;0;
2.63027;16763.3;-1;0;
2.64241;16473.2;-1;0;
2.65461;16131.9;-1;0;
2.66686;15768.8;-1;0;
2.67917;15424.7;-1;0;
2.69153;15140.2;-1;0;
2.70396;14942.3;-1;0;
2.71644;14836.1;-1;0;
2.72898;14804.7;-1;0;
2.74157;14816.2;-1;0;
2.75423;14836.8;-1;0;
2.76694;14843.3;-1;0;
2.77971;14830.1;-1;0;
2.79254;14808.2;-1;0;
2.80543;14795.8;-1;0;
2.81838;14806;-1;0;
2.83139;14836.4;-1;0;
2.84446;14865.3;-1;0;
2.85759;14858.3;-1;0;
2.87078;14781.1;-1;0;
2.88403;14614.1;-1;0;
2.89734;14361.7;-1;0;
2.91072;14052.4;-1;0;
2.92415;13729;-1;0;
2.93765;13432.9;-1;0;
2.95121;13189.4;-1;0;
2.96483;13001.6;-1;0;
2.97852;12853.4;-1;0;
2.99226;12722.2;-1;0;
3.00608;12593.2;-1;0;
3.01995;12469.1;-1;0;
3.03389;12369.4;-1;0;
3.04789;12319.9;-1;0;
3.06196;12336.8;-1;0;
3.0761;12414.8;-1;0;
3.0903;12524.1;-1;0;
3.10456;12619.9;-1;0;
3.11889;12659.4;-1;0;
3.13329;12618.4;-1;0;
3.14775;12499.8;-1;0;
3.16228;12328.8;-1;0;
3.17687;12138.6;-1;0;
3.19154;11953.1;-1;0;
3.20627;11776.9;-1;0;
3.22107;11596.7;-1;0;
3.23594;11394.8;-1;0;
3.25087;11164.7;-1;0;
3.26588;10922.1;-1;0;
3.28095;10701.6;-1;0;
3.2961;10542.5;-1;0;
3.31131;10469.6;-1;0;
3.3266;10479.8;-1;0;
3.34195;10542.5;-1;0;
3.35738;10614.3;-1;0;
3.37287;10659.4;-1;0;
3.38844;10663.7;-1;0;
3.40408;10637;-1;0;
3.41979;10599.2;-1;0;
3.43558;10562.5;-1;0;
3.45144;10518.9;-1;0;
3.46737;10442.8;-1;0;
3.48337;10306.8;-1;0;
3.49945;10102;-1;0;
3.5156;9848.55;-1;0;
3.53183;9589.62;-1;0;
3.54813;9371.63;-1;0;
3.56451;9221.69;-1;0;
3.58096;9136.84;-1;0;
3.59749;9091.17;-1;0;
3.6141;9056.15;-1;0;
3.63078;9020.08;-1;0;
3.64754;8993.51;-1;0;
3.66438;8996.74;-1;0;
3.68129;9038.43;-1;0;
3.69828;9100.98;-1;0;
3.71535;9144.18;-1;0;
3.7325;9126.28;-1;0;
3.74973;9028.44;-1;0;
3.76704;8865.89;-1;0;
3.78443;8677.49;-1;0;
3.80189;8500.91;-1;0;
3.81944;8351.14;-1;0;
3.83707;8217.55;-1;0;
3.85478;8081.06;-1;0;
3.87258;7937.49;-1;0;
3.89045;7807.9;-1;0;
3.90841;7726.74;-1;0;
3.92645;7715.97;-1;0;
3.94457;7765.1;-1;0;
3.96278;7833.68;-1;0;
3.98107;7875.37;-1;0;
3.99945;7865.82;-1;0;
4.01791;7812.97;-1;0;
4.03645;7742.55;-1;0;
4.05509;7671.44;-1;0;
4.0738;7591.91;-1;0;
4.09261;7480.4;-1;0;
4.1115;7323.34;-1;0;
4.13048;7137.32;-1;0;
4.14954;6964.62;-1;0;
4.16869;6846.19;-1;0;
4.18794;6793.92;-1;0;
4.20727;6785.47;-1;0;
4.22669;6785.62;-1;0;
4.2462;6775.12;-1;0;
4.2658;6761.38;-1;0;
4.28549;6762.27;-1;0;
4.30527;6779.19;-1;0;
4.32514;6786.15;-1;0;
4.3451;6746.81;-1;0;
4.36516;6644.88;-1;0;
4.38531;6499.77;-1;0;
4.40555;6352.21;-1;0;
4.42588;6232.92;-1;0;
4.44631;6143.05;-1;0;
4.46684;6063.87;-1;0;
4.48745;5984.3;-1;0;
4.50817;5917.37;-1;0;
4.52898;5888.09;-1;0;
4.54988;5904.77;-1;0;
4.57088;5943.55;-1;0;
4.59198;5963.59;-1;0;
4.61318;5938.95;-1;0;
4.63447;5876.02;-1;0;
4.65586;5800.07;-1;0;
4.67735;5726.21;-1;0;
4.69894;5646.21;-1;0;
4.72063;5544.68;-1;0;
4.74242;5425.51;-1;0;
4.76431;5317.81;-1;0;
4.7863;5252.6;-1;0;
4.80839;5234.43;-1;0;
4.83059;5238.38;-1;0;
4.85289;5235.58;-1;0;
4.87528;5218.8;-1;0;
4.89779;5200.44;-1;0;
4.9204;5187.55;-1;0;
4.94311;5165.3;-1;0;
4.96592;5109.9;-1;0;
4.98884;5016.66;-1;0;
5.01187;4909.59;-1;0;
5.03501;4820.08;-1;0;
5.05825;4758.73;-1;0;
5.08159;4712.5;-1;0;
5.10505;4668.22;-1;0;
5.12861;4631.55;-1;0;
5.15229;4617.44;-1;0;
5.17607;4624.73;-1;0;
5.19996;4629;-1;0;
5.22396;4604.78;-1;0;
5.24807;4550.41;-1;0;
5.2723;4485.32;-1;0;
5.29663;4424.47;-1;0;
5.32108;4363.7;-1;0;
5.34564;4293.93;-1;0;
5.37032;4222.64;-1;0;
5.39511;4171.25;-1;0;
5.42001;4150.43;-1;0;
5.44503;4146.26;-1;0;
5.47016;4136.2;-1;0;
5.49541;4113.23;-1;0;
5.52077;4086.44;-1;0;
5.54626;4060.03;-1;0;
5.57186;4022.95;-1;0;
5.59758;3964.85;-1;0;
5.62341;3894.74;-1;0;
5.64937;3834.06;-1;0;
5.67545;3792.93;-1;0;
5.70164;3762.65;-1;0;
5.72796;3733.19;-1;0;
5.7544;3707.94;-1;0;
5.78096;3693.93;-1;0;
5.80764;3684.37;-1;0;
5.83445;3662.39;-1;0;
5.86138;3621.62;-1;0;
5.88844;3572.95;-1;0;
5.91562;3528.04;-1;0;
5.94292;3485.7;-1;0;
5.97035;3440.8;-1;0;
5.99791;3398.86;-1;0;
6.0256;3370.77;-1;0;
6.05341;3355.88;-1;0;
6.08135;3341.16;-1;0;
6.10942;3318.07;-1;0;
6.13762;3290.45;-1;0;
6.16595;3262.69;-1;0;
6.19441;3230.2;-1;0;
6.223;3188.61;-1;0;
6.25173;3144.69;-1;0;
6.28058;3109.15;-1;0;
6.30957;3082.84;-1;0;
6.3387;3058.75;-1;0;
6.36796;3034.78;-1;0;
6.39735;3014.53;-1;0;
6.42688;2996.55;-1;0;
6.45654;2973.04;-1;0;
6.48634;2941.22;-1;0;
6.51628;2907.18;-1;0;
6.54636;2875.94;-1;0;
6.57658;2845.77;-1;0;
6.60693;2815.43;-1;0;
6.63743;2789.06;-1;0;
6.66807;2768.98;-1;0;
6.69885;2750.48;-1;0;
6.72977;2728.58;-1;0;
6.76083;2704.35;-1;0;
6.79204;2680.09;-1;0;
6.82339;2654.1;-1;0;
6.85488;2625.09;-1;0;
6.88652;2596.59;-1;0;
6.91831;2572.09;-1;0;
6.95024;2550.17;-1;0;
6.98232;2528.34;-1;0;
7.01455;2507.33;-1;0;
7.04693;2487.71;-1;0;
7.07946;2467.01;-1;0;
7.11214;2443.51;-1;0;
7.14496;2419.11;-1;0;
7.17794;2395.7;-1;0;
7.21107;2372.63;-1;0;
7.24436;2349.67;-1;0;
7.2778;2328.38;-1;0;
7.31139;2309.05;-1;0;
7.34514;2289.85;-1;0;
7.37904;2269.82;-1;0;
7.4131;2249.72;-1;0;
7.44732;2229.56;-1;0;
7.4817;2208.49;-1;0;
7.51623;2186.94;-1;0;
7.55092;2166.27;-1;0;
7.58578;2146.65;-1;0;
7.62079;2127.35;-1;0;
7.65597;2108.52;-1;0;
7.6913;2090.58;-1;0;
7.72681;2072.75;-1;0;
7.76247;2054.13;-1;0;
7.7983;2035.17;-1;0;
7.8343;2016.45;-1;0;
7.87046;1997.52;-1;0;
7.90679;1978.46;-1;0;
7.94328;1960.39;-1;0;
7.97995;1943.37;-1;0;
8.01678;1926.45;-1;0;
8.05378;1909.69;-1;0;
8.09096;1893.42;-1;0;
8.12831;1876.59;-1;0;
8.16582;1858.75;-1;0;
8.20352;1841.1;-1;0;
8.24138;1823.99;-1;0;
8.27942;1806.9;-1;0;
8.31764;1790.75;-1;0;
8.35603;1776.06;-1;0;
8.3946;1761.22;-1;0;
8.43335;1745.62;-1;0;
8.47227;1730.04;-1;0;
8.51138;1713.69;-1;0;
8.55067;1696.4;-1;0;
8.59014;1680.36;-1;0;
8.62979;1665.83;-1;0;
8.66962;1651.5;-1;0;
8.70964;1638.13;-1;0;
8.74984;1625.03;-1;0;
8.79023;1609.8;-1;0;
8.8308;1593.69;-1;0;
8.87156;1578.28;-1;0;
8.91251;1562.68;-1;0;
8.95365;1548.68;-1;0;
8.99498;1537.19;-1;0;
9.03649;1524.9;-1;0;
9.07821;1511.55;-1;0;
9.12011;1497.86;-1;0;
9.1622;1481.93;-1;0;
9.2045;1466.31;-1;0;
9.24698;1453.65;-1;0;
9.28966;1441.57;-1;0;
9.33254;1430.57;-1;0;
9.37562;1420.04;-1;0;
9.4189;1406.08;-1;0;
9.46237;1391.1;-1;0;
9.50605;1377.09;-1;0;
9.54993;1363.14;-1;0;
9.59401;1352.53;-1;0;
9.63829;1343.53;-1;0;
9.68278;1332.12;-1;0;
9.72747;1320.11;-1;0;
9.77237;1306.02;-1;0;
9.81748;1290.94;-1;0;
9.86279;1279.73;-1;0;
9.90832;1269.72;-1;0;
9.95405;1260.44;-1;0;
10;1251.34;-1;0;

