0.1;9.54188e+07;-1;0;
0.100462;9.49641e+07;-1;0;
0.100925;9.45072e+07;-1;0;
0.101391;9.4048e+07;-1;0;
0.101859;9.35867e+07;-1;0;
0.102329;9.31231e+07;-1;0;
0.102802;9.26573e+07;-1;0;
0.103276;9.21894e+07;-1;0;
0.103753;9.17193e+07;-1;0;
0.104232;9.1247e+07;-1;0;
0.104713;9.07726e+07;-1;0;
0.105196;9.02961e+07;-1;0;
0.105682;8.98174e+07;-1;0;
0.10617;8.93366e+07;-1;0;
0.10666;8.88537e+07;-1;0;
0.107152;8.83688e+07;-1;0;
0.107647;8.78817e+07;-1;0;
0.108143;8.73926e+07;-1;0;
0.108643;8.69015e+07;-1;0;
0.109144;8.64084e+07;-1;0;
0.109648;8.59132e+07;-1;0;
0.110154;8.54161e+07;-1;0;
0.110662;8.49169e+07;-1;0;
0.111173;8.44158e+07;-1;0;
0.111686;8.39128e+07;-1;0;
0.112202;8.34079e+07;-1;0;
0.11272;8.29011e+07;-1;0;
0.11324;8.23923e+07;-1;0;
0.113763;8.18818e+07;-1;0;
0.114288;8.13693e+07;-1;0;
0.114815;8.08551e+07;-1;0;
0.115345;8.03391e+07;-1;0;
0.115878;7.98213e+07;-1;0;
0.116413;7.93018e+07;-1;0;
0.11695;7.87805e+07;-1;0;
0.11749;7.82575e+07;-1;0;
0.118032;7.77329e+07;-1;0;
0.118577;7.72066e+07;-1;0;
0.119124;7.66787e+07;-1;0;
0.119674;7.61492e+07;-1;0;
0.120226;7.56181e+07;-1;0;
0.120781;7.50855e+07;-1;0;
0.121339;7.45514e+07;-1;0;
0.121899;7.40157e+07;-1;0;
0.122462;7.34787e+07;-1;0;
0.123027;7.29402e+07;-1;0;
0.123595;7.24003e+07;-1;0;
0.124165;7.18591e+07;-1;0;
0.124738;7.13166e+07;-1;0;
0.125314;7.07727e+07;-1;0;
0.125893;7.02276e+07;-1;0;
0.126474;6.96813e+07;-1;0;
0.127057;6.91338e+07;-1;0;
0.127644;6.85851e+07;-1;0;
0.128233;6.80353e+07;-1;0;
0.128825;6.74845e+07;-1;0;
0.12942;6.69326e+07;-1;0;
0.130017;6.63797e+07;-1;0;
0.130617;6.58258e+07;-1;0;
0.13122;6.5271e+07;-1;0;
0.131826;6.47153e+07;-1;0;
0.132434;6.41588e+07;-1;0;
0.133045;6.36015e+07;-1;0;
0.13366;6.30434e+07;-1;0;
0.134276;6.24846e+07;-1;0;
0.134896;6.19252e+07;-1;0;
0.135519;6.13651e+07;-1;0;
0.136144;6.08044e+07;-1;0;
0.136773;6.02432e+07;-1;0;
0.137404;5.96815e+07;-1;0;
0.138038;5.91193e+07;-1;0;
0.138676;5.85568e+07;-1;0;
0.139316;5.79939e+07;-1;0;
0.139959;5.74307e+07;-1;0;
0.140605;5.68672e+07;-1;0;
0.141254;5.63036e+07;-1;0;
0.141906;5.57398e+07;-1;0;
0.142561;5.51759e+07;-1;0;
0.143219;5.46119e+07;-1;0;
0.14388;5.4048e+07;-1;0;
0.144544;5.34841e+07;-1;0;
0.145211;5.29203e+07;-1;0;
0.145881;5.23567e+07;-1;0;
0.146555;5.17933e+07;-1;0;
0.147231;5.12302e+07;-1;0;
0.147911;5.06675e+07;-1;0;
0.148594;5.01051e+07;-1;0;
0.149279;4.95431e+07;-1;0;
0.149968;4.89817e+07;-1;0;
0.150661;4.84208e+07;-1;0;
0.151356;4.78605e+07;-1;0;
0.152055;4.73009e+07;-1;0;
0.152757;4.67421e+07;-1;0;
0.153462;4.6184e+07;-1;0;
0.15417;4.56268e+07;-1;0;
0.154882;4.50725e+07;-1;0;
0.155597;4.45152e+07;-1;0;
0.156315;4.3961e+07;-1;0;
0.157036;4.34078e+07;-1;0;
0.157761;4.28558e+07;-1;0;
0.158489;4.2305e+07;-1;0;
0.159221;4.17555e+07;-1;0;
0.159956;4.12074e+07;-1;0;
0.160694;4.06607e+07;-1;0;
0.161436;4.01155e+07;-1;0;
0.162181;3.95718e+07;-1;0;
0.16293;3.90297e+07;-1;0;
0.163682;3.84893e+07;-1;0;
0.164437;3.79507e+07;-1;0;
0.165196;3.74138e+07;-1;0;
0.165959;3.68789e+07;-1;0;
0.166725;3.63458e+07;-1;0;
0.167494;3.58148e+07;-1;0;
0.168267;3.52858e+07;-1;0;
0.169044;3.4759e+07;-1;0;
0.169824;3.42343e+07;-1;0;
0.170608;3.3712e+07;-1;0;
0.171396;3.31919e+07;-1;0;
0.172187;3.26743e+07;-1;0;
0.172982;3.21591e+07;-1;0;
0.17378;3.16464e+07;-1;0;
0.174582;3.11364e+07;-1;0;
0.175388;3.0629e+07;-1;0;
0.176198;3.01243e+07;-1;0;
0.177011;2.96224e+07;-1;0;
0.177828;2.91234e+07;-1;0;
0.178649;2.86273e+07;-1;0;
0.179473;2.81342e+07;-1;0;
0.180302;2.76442e+07;-1;0;
0.181134;2.71572e+07;-1;0;
0.18197;2.66735e+07;-1;0;
0.18281;2.61929e+07;-1;0;
0.183654;2.57157e+07;-1;0;
0.184502;2.52419e+07;-1;0;
0.185353;2.47714e+07;-1;0;
0.186209;2.43045e+07;-1;0;
0.187068;2.38411e+07;-1;0;
0.187932;2.33814e+07;-1;0;
0.188799;2.29253e+07;-1;0;
0.189671;2.24729e+07;-1;0;
0.190546;2.20243e+07;-1;0;
0.191426;2.15796e+07;-1;0;
0.192309;2.11388e+07;-1;0;
0.193197;2.07019e+07;-1;0;
0.194089;2.02691e+07;-1;0;
0.194984;1.98403e+07;-1;0;
0.195884;1.94156e+07;-1;0;
0.196789;1.89951e+07;-1;0;
0.197697;1.85789e+07;-1;0;
0.198609;1.81669e+07;-1;0;
0.199526;1.77593e+07;-1;0;
0.200447;1.7356e+07;-1;0;
0.201372;1.69571e+07;-1;0;
0.202302;1.65627e+07;-1;0;
0.203236;1.61729e+07;-1;0;
0.204174;1.57876e+07;-1;0;
0.205116;1.54069e+07;-1;0;
0.206063;1.50308e+07;-1;0;
0.207014;1.46594e+07;-1;0;
0.20797;1.42927e+07;-1;0;
0.20893;1.39308e+07;-1;0;
0.209894;1.35737e+07;-1;0;
0.210863;1.32214e+07;-1;0;
0.211836;1.2874e+07;-1;0;
0.212814;1.25314e+07;-1;0;
0.213796;1.21938e+07;-1;0;
0.214783;1.18612e+07;-1;0;
0.215774;1.15335e+07;-1;0;
0.21677;1.12108e+07;-1;0;
0.217771;1.08931e+07;-1;0;
0.218776;1.05805e+07;-1;0;
0.219786;1.0273e+07;-1;0;
0.2208;9.97049e+06;-1;0;
0.22182;9.67312e+06;-1;0;
0.222844;9.38087e+06;-1;0;
0.223872;9.09374e+06;-1;0;
0.224905;8.81175e+06;-1;0;
0.225944;8.5349e+06;-1;0;
0.226986;8.26321e+06;-1;0;
0.228034;7.99668e+06;-1;0;
0.229087;7.73531e+06;-1;0;
0.230144;7.4791e+06;-1;0;
0.231206;7.22806e+06;-1;0;
0.232274;6.98217e+06;-1;0;
0.233346;6.74144e+06;-1;0;
0.234423;6.50585e+06;-1;0;
0.235505;6.27541e+06;-1;0;
0.236592;6.05009e+06;-1;0;
0.237684;5.82988e+06;-1;0;
0.238781;5.61478e+06;-1;0;
0.239883;5.40475e+06;-1;0;
0.240991;5.19979e+06;-1;0;
0.242103;4.99988e+06;-1;0;
0.24322;4.80498e+06;-1;0;
0.244343;4.61507e+06;-1;0;
0.245471;4.43014e+06;-1;0;
0.246604;4.25014e+06;-1;0;
0.247742;4.07504e+06;-1;0;
0.248886;3.90482e+06;-1;0;
0.250035;3.73943e+06;-1;0;
0.251189;3.57885e+06;-1;0;
0.252348;3.42302e+06;-1;0;
0.253513;3.27192e+06;-1;0;
0.254683;3.12549e+06;-1;0;
0.255859;2.98369e+06;-1;0;
0.25704;2.84647e+06;-1;0;
0.258226;2.71379e+06;-1;0;
0.259418;2.58559e+06;-1;0;
0.260615;2.46183e+06;-1;0;
0.261818;2.34244e+06;-1;0;
0.263027;2.22737e+06;-1;0;
0.264241;2.11656e+06;-1;0;
0.265461;2.00996e+06;-1;0;
0.266686;1.90749e+06;-1;0;
0.267917;1.80911e+06;-1;0;
0.269153;1.71474e+06;-1;0;
0.270396;1.62433e+06;-1;0;
0.271644;1.53779e+06;-1;0;
0.272898;1.45507e+06;-1;0;
0.274157;1.37609e+06;-1;0;
0.275423;1.30078e+06;-1;0;
0.276694;1.22907e+06;-1;0;
0.277971;1.16089e+06;-1;0;
0.279254;1.09616e+06;-1;0;
0.280543;1.0348e+06;-1;0;
0.281838;976744;-1;0;
0.283139;921907;-1;0;
0.284446;870212;-1;0;
0.285759;821578;-1;0;
0.287078;775927;-1;0;
0.288403;733178;-1;0;
0.289734;693248;-1;0;
0.291072;656055;-1;0;
0.292415;621519;-1;0;
0.293765;589554;-1;0;
0.295121;560079;-1;0;
0.296483;533011;-1;0;
0.297852;508265;-1;0;
0.299226;485758;-1;0;
0.300608;465407;-1;0;
0.301995;447128;-1;0;
0.303389;430838;-1;0;
0.304789;416455;-1;0;
0.306196;403894;-1;0;
0.30761;393074;-1;0;
0.30903;383914;-1;0;
0.310456;376332;-1;0;
0.311889;370247;-1;0;
0.313329;365579;-1;0;
0.314775;362250;-1;0;
0.316228;360181;-1;0;
0.317687;359295;-1;0;
0.319154;359515;-1;0;
0.320627;360767;-1;0;
0.322107;362976;-1;0;
0.323594;366069;-1;0;
0.325087;369975;-1;0;
0.326588;374624;-1;0;
0.328095;379947;-1;0;
0.32961;385876;-1;0;
0.331131;392346;-1;0;
0.33266;399293;-1;0;
0.334195;406654;-1;0;
0.335738;414369;-1;0;
0.337287;422378;-1;0;
0.338844;430624;-1;0;
0.340408;439052;-1;0;
0.341979;447608;-1;0;
0.343558;456241;-1;0;
0.345144;464900;-1;0;
0.346737;473539;-1;0;
0.348337;482112;-1;0;
0.349945;490575;-1;0;
0.35156;498886;-1;0;
0.353183;507007;-1;0;
0.354813;514900;-1;0;
0.356451;522529;-1;0;
0.358096;529862;-1;0;
0.359749;536868;-1;0;
0.36141;543518;-1;0;
0.363078;549784;-1;0;
0.364754;555644;-1;0;
0.366438;561074;-1;0;
0.368129;566053;-1;0;
0.369828;570564;-1;0;
0.371535;574589;-1;0;
0.37325;578116;-1;0;
0.374973;581132;-1;0;
0.376704;583626;-1;0;
0.378443;585590;-1;0;
0.380189;587018;-1;0;
0.381944;587905;-1;0;
0.383707;588249;-1;0;
0.385478;588048;-1;0;
0.387258;587303;-1;0;
0.389045;586017;-1;0;
0.390841;584194;-1;0;
0.392645;581839;-1;0;
0.394457;578959;-1;0;
0.396278;575562;-1;0;
0.398107;571659;-1;0;
0.399945;567261;-1;0;
0.401791;562380;-1;0;
0.403645;557029;-1;0;
0.405509;551223;-1;0;
0.40738;544979;-1;0;
0.409261;538311;-1;0;
0.41115;531238;-1;0;
0.413048;523778;-1;0;
0.414954;515950;-1;0;
0.416869;507773;-1;0;
0.418794;499268;-1;0;
0.420727;490455;-1;0;
0.422669;481356;-1;0;
0.42462;471991;-1;0;
0.42658;462383;-1;0;
0.428549;452553;-1;0;
0.430527;442523;-1;0;
0.432514;432315;-1;0;
0.43451;421952;-1;0;
0.436516;411456;-1;0;
0.438531;400848;-1;0;
0.440555;390149;-1;0;
0.442588;379383;-1;0;
0.444631;368568;-1;0;
0.446684;357727;-1;0;
0.448745;346879;-1;0;
0.450817;336045;-1;0;
0.452898;325243;-1;0;
0.454988;314492;-1;0;
0.457088;303811;-1;0;
0.459198;293216;-1;0;
0.461318;282725;-1;0;
0.463447;272354;-1;0;
0.465586;262117;-1;0;
0.467735;252030;-1;0;
0.469894;242106;-1;0;
0.472063;232359;-1;0;
0.474242;222799;-1;0;
0.476431;213439;-1;0;
0.47863;204289;-1;0;
0.480839;195358;-1;0;
0.483059;186656;-1;0;
0.485289;178189;-1;0;
0.487528;169965;-1;0;
0.489779;161989;-1;0;
0.49204;154268;-1;0;
0.494311;146805;-1;0;
0.496592;139605;-1;0;
0.498884;132669;-1;0;
0.501187;126000;-1;0;
0.503501;119598;-1;0;
0.505825;113465;-1;0;
0.508159;107600;-1;0;
0.510505;102001;-1;0;
0.512861;96667.9;-1;0;
0.515229;91597.5;-1;0;
0.517607;86786.9;-1;0;
0.519996;82232.6;-1;0;
0.522396;77930.3;-1;0;
0.524807;73875.5;-1;0;
0.52723;70063;-1;0;
0.529663;66487.1;-1;0;
0.532108;63141.8;-1;0;
0.534564;60020.7;-1;0;
0.537032;57116.9;-1;0;
0.539511;54423.5;-1;0;
0.542001;51932.9;-1;0;
0.544503;49637.4;-1;0;
0.547016;47529.4;-1;0;
0.549541;45600.6;-1;0;
0.552077;43842.9;-1;0;
0.554626;42248;-1;0;
0.557186;40807.5;-1;0;
0.559758;39512.8;-1;0;
0.562341;38355.6;-1;0;
0.564937;37327.3;-1;0;
0.567545;36419.6;-1;0;
0.570164;35624;-1;0;
0.572796;34932.3;-1;0;
0.57544;34336.3;-1;0;
0.578096;33827.9;-1;0;
0.580764;33399.3;-1;0;
0.583445;33042.9;-1;0;
0.586138;32751;-1;0;
0.588844;32516.6;-1;0;
0.591562;32332.4;-1;0;
0.594292;32191.9;-1;0;
0.597035;32088.5;-1;0;
0.599791;32016;-1;0;
0.60256;31968.5;-1;0;
0.605341;31940.4;-1;0;
0.608135;31926.5;-1;0;
0.610942;31921.7;-1;0;
0.613762;31921.6;-1;0;
0.616595;31921.7;-1;0;
0.619441;31918.2;-1;0;
0.6223;31907.4;-1;0;
0.625173;31886.3;-1;0;
0.628058;31851.8;-1;0;
0.630957;31801.3;-1;0;
0.63387;31732.8;-1;0;
0.636796;31644.3;-1;0;
0.639735;31534.2;-1;0;
0.642688;31401.5;-1;0;
0.645654;31245;-1;0;
0.648634;31064.4;-1;0;
0.651628;30859.2;-1;0;
0.654636;30629.4;-1;0;
0.657658;30375.3;-1;0;
0.660693;30097.3;-1;0;
0.663743;29796.3;-1;0;
0.666807;29473.1;-1;0;
0.669885;29129;-1;0;
0.672977;28765.3;-1;0;
0.676083;28383.5;-1;0;
0.679204;27985.2;-1;0;
0.682339;27572.3;-1;0;
0.685488;27146.7;-1;0;
0.688652;26710.4;-1;0;
0.691831;26265.3;-1;0;
0.695024;25813.7;-1;0;
0.698232;25357.6;-1;0;
0.701455;24899.1;-1;0;
0.704693;24440.4;-1;0;
0.707946;23983.6;-1;0;
0.711214;23530.6;-1;0;
0.714496;23083.5;-1;0;
0.717794;22644;-1;0;
0.721107;22214;-1;0;
0.724436;21795.1;-1;0;
0.72778;21388.7;-1;0;
0.731139;20996.4;-1;0;
0.734514;20619.1;-1;0;
0.737904;20258.2;-1;0;
0.74131;19914.3;-1;0;
0.744732;19588.3;-1;0;
0.74817;19280.7;-1;0;
0.751623;18991.8;-1;0;
0.755092;18721.9;-1;0;
0.758578;18470.9;-1;0;
0.762079;18238.8;-1;0;
0.765597;18025.3;-1;0;
0.76913;17829.8;-1;0;
0.772681;17651.9;-1;0;
0.776247;17490.9;-1;0;
0.77983;17345.8;-1;0;
0.78343;17215.8;-1;0;
0.787046;17099.9;-1;0;
0.790679;16996.9;-1;0;
0.794328;16905.8;-1;0;
0.797995;16825.3;-1;0;
0.801678;16754.4;-1;0;
0.805378;16691.6;-1;0;
0.809096;16635.9;-1;0;
0.812831;16586;-1;0;
0.816582;16540.9;-1;0;
0.820352;16499.4;-1;0;
0.824138;16460.4;-1;0;
0.827942;16423;-1;0;
0.831764;16386.3;-1;0;
0.835603;16349.5;-1;0;
0.83946;16311.9;-1;0;
0.843335;16272.8;-1;0;
0.847227;16231.7;-1;0;
0.851138;16188.2;-1;0;
0.855067;16141.9;-1;0;
0.859014;16092.5;-1;0;
0.862979;16039.9;-1;0;
0.866962;15983.9;-1;0;
0.870964;15924.5;-1;0;
0.874984;15861.6;-1;0;
0.879023;15795.4;-1;0;
0.88308;15725.8;-1;0;
0.887156;15653.1;-1;0;
0.891251;15577.2;-1;0;
0.895365;15498.3;-1;0;
0.899498;15416.5;-1;0;
0.903649;15331.9;-1;0;
0.907821;15244.4;-1;0;
0.912011;15154.1;-1;0;
0.91622;15061;-1;0;
0.92045;14964.9;-1;0;
0.924698;14865.7;-1;0;
0.928966;14763.2;-1;0;
0.933254;14657.2;-1;0;
0.937562;14547.4;-1;0;
0.94189;14433.6;-1;0;
0.946237;14315.4;-1;0;
0.950605;14192.5;-1;0;
0.954993;14064.5;-1;0;
0.959401;13931.1;-1;0;
0.963829;13792.2;-1;0;
0.968278;13647.3;-1;0;
0.972747;13496.5;-1;0;
0.977237;13339.6;-1;0;
0.981748;13176.7;-1;0;
0.986279;13007.8;-1;0;
0.990832;12833.4;-1;0;
0.995405;12653.7;-1;0;
1;12469.5;-1;0;
1.00462;12281.4;-1;0;
1.00925;12090.4;-1;0;
1.01391;11897.4;-1;0;
1.01859;11703.8;-1;0;
1.02329;11510.9;-1;0;
1.02802;11320.2;-1;0;
1.03276;11133.4;-1;0;
1.03753;10952.2;-1;0;
1.04232;10778.4;-1;0;
1.04713;10614;-1;0;
1.05196;10460.7;-1;0;
1.05682;10320.5;-1;0;
1.0617;10195.2;-1;0;
1.0666;10086.5;-1;0;
1.07152;9995.99;-1;0;
1.07647;9925.12;-1;0;
1.08143;9875.1;-1;0;
1.08643;9846.9;-1;0;
1.09144;9841.21;-1;0;
1.09648;9858.42;-1;0;
1.10154;9898.57;-1;0;
1.10662;9961.35;-1;0;
1.11173;10046.1;-1;0;
1.11686;10151.7;-1;0;
1.12202;10276.8;-1;0;
1.1272;10419.4;-1;0;
1.1324;10577.5;-1;0;
1.13763;10748.5;-1;0;
1.14288;10929.5;-1;0;
1.14815;11117.5;-1;0;
1.15345;11309;-1;0;
1.15878;11500.6;-1;0;
1.16413;11688.5;-1;0;
1.1695;11869.2;-1;0;
1.1749;12038.7;-1;0;
1.18032;12193.5;-1;0;
1.18577;12330.1;-1;0;
1.19124;12445.1;-1;0;
1.19674;12535.4;-1;0;
1.20226;12598.4;-1;0;
1.20781;12631.7;-1;0;
1.21339;12633.4;-1;0;
1.21899;12602.1;-1;0;
1.22462;12536.9;-1;0;
1.23027;12437.5;-1;0;
1.23595;12304.2;-1;0;
1.24165;12137.8;-1;0;
1.24738;11939.7;-1;0;
1.25314;11711.8;-1;0;
1.25893;11456.8;-1;0;
1.26474;11177.5;-1;0;
1.27057;10877.5;-1;0;
1.27644;10560.6;-1;0;
1.28233;10231;-1;0;
1.28825;9893.16;-1;0;
1.2942;9551.65;-1;0;
1.30017;9211.19;-1;0;
1.30617;8876.51;-1;0;
1.3122;8552.24;-1;0;
1.31826;8242.86;-1;0;
1.32434;7952.57;-1;0;
1.33045;7685.29;-1;0;
1.3366;7444.49;-1;0;
1.34276;7233.19;-1;0;
1.34896;7053.9;-1;0;
1.35519;6908.52;-1;0;
1.36144;6798.35;-1;0;
1.36773;6724.08;-1;0;
1.37404;6685.69;-1;0;
1.38038;6682.57;-1;0;
1.38676;6713.42;-1;0;
1.39316;6776.33;-1;0;
1.39959;6868.81;-1;0;
1.40605;6987.84;-1;0;
1.41254;7129.88;-1;0;
1.41906;7291;-1;0;
1.42561;7466.9;-1;0;
1.43219;7653.01;-1;0;
1.4388;7844.59;-1;0;
1.44544;8036.77;-1;0;
1.45211;8224.69;-1;0;
1.45881;8403.57;-1;0;
1.46555;8568.8;-1;0;
1.47231;8716.01;-1;0;
1.47911;8841.21;-1;0;
1.48594;8940.8;-1;0;
1.49279;9011.69;-1;0;
1.49968;9051.34;-1;0;
1.50661;9057.84;-1;0;
1.51356;9029.93;-1;0;
1.52055;8967.05;-1;0;
1.52757;8869.35;-1;0;
1.53462;8737.72;-1;0;
1.5417;8573.75;-1;0;
1.54882;8379.75;-1;0;
1.55597;8158.67;-1;0;
1.56315;7914.09;-1;0;
1.57036;7650.15;-1;0;
1.57761;7371.43;-1;0;
1.58489;7082.92;-1;0;
1.59221;6789.88;-1;0;
1.59956;6497.72;-1;0;
1.60694;6211.91;-1;0;
1.61436;5937.82;-1;0;
1.62181;5680.62;-1;0;
1.6293;5445.13;-1;0;
1.63682;5235.68;-1;0;
1.64437;5056.02;-1;0;
1.65196;4909.2;-1;0;
1.65959;4797.47;-1;0;
1.66725;4722.2;-1;0;
1.67494;4683.81;-1;0;
1.68267;4681.79;-1;0;
1.69044;4714.63;-1;0;
1.69824;4779.87;-1;0;
1.70608;4874.13;-1;0;
1.71396;4993.22;-1;0;
1.72187;5132.2;-1;0;
1.72982;5285.56;-1;0;
1.7378;5447.31;-1;0;
1.74582;5611.21;-1;0;
1.75388;5770.9;-1;0;
1.76198;5920.13;-1;0;
1.77011;6052.94;-1;0;
1.77828;6163.85;-1;0;
1.78649;6248.06;-1;0;
1.79473;6301.57;-1;0;
1.80302;6321.34;-1;0;
1.81134;6305.44;-1;0;
1.8197;6253.05;-1;0;
1.8281;6164.57;-1;0;
1.83654;6041.57;-1;0;
1.84502;5886.76;-1;0;
1.85353;5703.93;-1;0;
1.86209;5497.81;-1;0;
1.87068;5273.9;-1;0;
1.87932;5038.31;-1;0;
1.88799;4797.53;-1;0;
1.89671;4558.22;-1;0;
1.90546;4326.96;-1;0;
1.91426;4110.02;-1;0;
1.92309;3913.12;-1;0;
1.93197;3741.26;-1;0;
1.94089;3598.5;-1;0;
1.94984;3487.83;-1;0;
1.95884;3411.04;-1;0;
1.96789;3368.68;-1;0;
1.97697;3360.06;-1;0;
1.98609;3383.2;-1;0;
1.99526;3435.01;-1;0;
2.00447;3511.33;-1;0;
2.01372;3607.14;-1;0;
2.02302;3716.76;-1;0;
2.03236;3834.02;-1;0;
2.04174;3952.58;-1;0;
2.05116;4066.13;-1;0;
2.06063;4168.64;-1;0;
2.07014;4254.64;-1;0;
2.0797;4319.38;-1;0;
2.0893;4359.06;-1;0;
2.09894;4370.97;-1;0;
2.10863;4353.57;-1;0;
2.11836;4306.58;-1;0;
2.12814;4230.97;-1;0;
2.13796;4128.91;-1;0;
2.14783;4003.65;-1;0;
2.15774;3859.43;-1;0;
2.1677;3701.23;-1;0;
2.17771;3534.6;-1;0;
2.18776;3365.36;-1;0;
2.19786;3199.41;-1;0;
2.208;3042.4;-1;0;
2.2182;2899.54;-1;0;
2.22844;2775.31;-1;0;
2.23872;2673.31;-1;0;
2.24905;2596.06;-1;0;
2.25944;2544.93;-1;0;
2.26986;2520.05;-1;0;
2.28034;2520.31;-1;0;
2.29087;2543.45;-1;0;
2.30144;2586.17;-1;0;
2.31206;2644.28;-1;0;
2.32274;2712.91;-1;0;
2.33346;2786.79;-1;0;
2.34423;2860.48;-1;0;
2.35505;2928.67;-1;0;
2.36592;2986.43;-1;0;
2.37684;3029.47;-1;0;
2.38781;3054.37;-1;0;
2.39883;3058.72;-1;0;
2.40991;3041.28;-1;0;
2.42103;3001.97;-1;0;
2.4322;2941.93;-1;0;
2.44343;2863.42;-1;0;
2.45471;2769.65;-1;0;
2.46604;2664.63;-1;0;
2.47742;2552.94;-1;0;
2.48886;2439.44;-1;0;
2.50035;2328.99;-1;0;
2.51189;2226.2;-1;0;
2.52348;2135.15;-1;0;
2.53513;2059.15;-1;0;
2.54683;2000.58;-1;0;
2.55859;1960.76;-1;0;
2.5704;1939.86;-1;0;
2.58226;1936.97;-1;0;
2.59418;1950.09;-1;0;
2.60615;1976.36;-1;0;
2.61818;2012.19;-1;0;
2.63027;2053.51;-1;0;
2.64241;2096.05;-1;0;
2.65461;2135.6;-1;0;
2.66686;2168.28;-1;0;
2.67917;2190.76;-1;0;
2.69153;2200.51;-1;0;
2.70396;2195.88;-1;0;
2.71644;2176.26;-1;0;
2.72898;2142.04;-1;0;
2.74157;2094.6;-1;0;
2.75423;2036.15;-1;0;
2.76694;1969.6;-1;0;
2.77971;1898.35;-1;0;
2.79254;1825.99;-1;0;
2.80543;1756.12;-1;0;
2.81838;1692.04;-1;0;
2.83139;1636.56;-1;0;
2.84446;1591.81;-1;0;
2.85759;1559.09;-1;0;
2.87078;1538.82;-1;0;
2.88403;1530.54;-1;0;
2.89734;1532.93;-1;0;
2.91072;1543.97;-1;0;
2.92415;1561.12;-1;0;
2.93765;1581.45;-1;0;
2.95121;1601.98;-1;0;
2.96483;1619.8;-1;0;
2.97852;1632.38;-1;0;
2.99226;1637.66;-1;0;
3.00608;1634.29;-1;0;
3.01995;1621.62;-1;0;
3.03389;1599.8;-1;0;
3.04789;1569.68;-1;0;
3.06196;1532.76;-1;0;
3.0761;1491.04;-1;0;
3.0903;1446.81;-1;0;
3.10456;1402.51;-1;0;
3.11889;1360.46;-1;0;
3.13329;1322.72;-1;0;
3.14775;1290.93;-1;0;
3.16228;1266.17;-1;0;
3.17687;1248.91;-1;0;
3.19154;1238.99;-1;0;
3.20627;1235.66;-1;0;
3.22107;1237.66;-1;0;
3.23594;1243.37;-1;0;
3.25087;1250.96;-1;0;
3.26588;1258.51;-1;0;
3.28095;1264.26;-1;0;
3.2961;1266.66;-1;0;
3.31131;1264.57;-1;0;
3.3266;1257.29;-1;0;
3.34195;1244.62;-1;0;
3.35738;1226.87;-1;0;
3.37287;1204.78;-1;0;
3.38844;1179.46;-1;0;
3.40408;1152.25;-1;0;
3.41979;1124.66;-1;0;
3.43558;1098.13;-1;0;
3.45144;1074;-1;0;
3.46737;1053.33;-1;0;
3.48337;1036.85;-1;0;
3.49945;1024.87;-1;0;
3.5156;1017.31;-1;0;
3.53183;1013.66;-1;0;
3.54813;1013.09;-1;0;
3.56451;1014.52;-1;0;
3.58096;1016.71;-1;0;
3.59749;1018.41;-1;0;
3.6141;1018.49;-1;0;
3.63078;1016;-1;0;
3.64754;1010.33;-1;0;
3.66438;1001.19;-1;0;
3.68129;988.69;-1;0;
3.69828;973.274;-1;0;
3.71535;955.694;-1;0;
3.7325;936.908;-1;0;
3.74973;917.98;-1;0;
3.76704;899.965;-1;0;
3.78443;883.802;-1;0;
3.80189;870.216;-1;0;
3.81944;859.653;-1;0;
3.83707;852.239;-1;0;
3.85478;847.771;-1;0;
3.87258;845.749;-1;0;
3.89045;845.43;-1;0;
3.90841;845.907;-1;0;
3.92645;846.211;-1;0;
3.94457;845.41;-1;0;
3.96278;842.712;-1;0;
3.98107;837.554;-1;0;
3.99945;829.667;-1;0;
4.01791;819.114;-1;0;
4.03645;806.287;-1;0;
4.05509;791.868;-1;0;
4.0738;776.756;-1;0;
4.09261;761.958;-1;0;
4.1115;748.464;-1;0;
4.13048;737.119;-1;0;
4.14954;728.504;-1;0;
4.16869;722.854;-1;0;
4.18794;720.01;-1;0;
4.20727;719.434;-1;0;
4.22669;720.272;-1;0;
4.2462;721.466;-1;0;
4.2658;721.903;-1;0;
4.28549;720.576;-1;0;
4.30527;716.731;-1;0;
4.32514;709.991;-1;0;
4.3451;700.417;-1;0;
4.36516;688.513;-1;0;
4.38531;675.158;-1;0;
4.40555;661.477;-1;0;
4.42588;648.673;-1;0;
4.44631;637.837;-1;0;
4.46684;629.77;-1;0;
4.48745;624.842;-1;0;
4.50817;622.921;-1;0;
4.52898;623.381;-1;0;
4.54988;625.189;-1;0;
4.57088;627.071;-1;0;
4.59198;627.727;-1;0;
4.61318;626.056;-1;0;
4.63447;621.36;-1;0;
4.65586;613.482;-1;0;
4.67735;602.849;-1;0;
4.69894;590.414;-1;0;
4.72063;577.493;-1;0;
4.74242;565.523;-1;0;
4.76431;555.789;-1;0;
4.7863;549.173;-1;0;
4.80839;545.969;-1;0;
4.83059;545.804;-1;0;
4.85289;547.704;-1;0;
4.87528;550.27;-1;0;
4.89779;551.96;-1;0;
4.9204;551.406;-1;0;
4.94311;547.702;-1;0;
4.96592;540.607;-1;0;
4.98884;530.61;-1;0;
5.01187;518.835;-1;0;
5.03501;506.807;-1;0;
5.05825;496.121;-1;0;
5.08159;488.089;-1;0;
5.10505;483.441;-1;0;
5.12861;482.148;-1;0;
5.15229;483.427;-1;0;
5.17607;485.91;-1;0;
5.19996;487.961;-1;0;
5.22396;488.058;-1;0;
5.24807;485.157;-1;0;
5.2723;478.942;-1;0;
5.29663;469.904;-1;0;
5.32108;459.225;-1;0;
5.34564;448.485;-1;0;
5.37032;439.27;-1;0;
5.39511;432.779;-1;0;
5.42001;429.518;-1;0;
5.44503;429.18;-1;0;
5.47016;430.726;-1;0;
5.49541;432.657;-1;0;
5.52077;433.408;-1;0;
5.54626;431.759;-1;0;
5.57186;427.151;-1;0;
5.59758;419.829;-1;0;
5.62341;410.77;-1;0;
5.64937;401.405;-1;0;
5.67545;393.225;-1;0;
5.70164;387.375;-1;0;
5.72796;384.334;-1;0;
5.7544;383.799;-1;0;
5.78096;384.778;-1;0;
5.80764;385.888;-1;0;
5.83445;385.759;-1;0;
5.86138;383.424;-1;0;
5.88844;378.598;-1;0;
5.91562;371.741;-1;0;
5.94292;363.9;-1;0;
5.97035;356.388;-1;0;
5.99791;350.378;-1;0;
6.0256;346.559;-1;0;
6.05341;344.944;-1;0;
6.08135;344.888;-1;0;
6.10942;345.311;-1;0;
6.13762;345.045;-1;0;
6.16595;343.194;-1;0;
6.19441;339.4;-1;0;
6.223;333.934;-1;0;
6.25173;327.587;-1;0;
6.28058;321.4;-1;0;
6.30957;316.33;-1;0;
6.3387;312.945;-1;0;
6.36796;311.263;-1;0;
6.39735;310.761;-1;0;
6.42688;310.566;-1;0;
6.45654;309.753;-1;0;
6.48634;307.65;-1;0;
6.51628;304.05;-1;0;
6.54636;299.265;-1;0;
6.57658;294.003;-1;0;
6.60693;289.111;-1;0;
6.63743;285.289;-1;0;
6.66807;282.85;-1;0;
6.69885;281.63;-1;0;
6.72977;281.062;-1;0;
6.76083;280.382;-1;0;
6.79204;278.905;-1;0;
6.82339;276.26;-1;0;
6.85488;272.515;-1;0;
6.88652;268.137;-1;0;
6.91831;263.821;-1;0;
6.95024;260.23;-1;0;
6.98232;257.757;-1;0;
7.01455;256.382;-1;0;
7.04693;255.684;-1;0;
7.07946;255.002;-1;0;
7.11214;253.684;-1;0;
7.14496;251.343;-1;0;
7.17794;248.003;-1;0;
7.21107;244.095;-1;0;
7.24436;240.289;-1;0;
7.2778;237.22;-1;0;
7.31139;235.235;-1;0;
7.34514;234.236;-1;0;
7.37904;233.72;-1;0;
7.4131;232.985;-1;0;
7.44732;231.424;-1;0;
7.4817;228.798;-1;0;
7.51623;225.345;-1;0;
7.55092;221.687;-1;0;
7.58578;218.554;-1;0;
7.62079;216.455;-1;0;
7.65597;215.433;-1;0;
7.6913;215.035;-1;0;
7.72681;214.514;-1;0;
7.76247;213.18;-1;0;
7.7983;210.736;-1;0;
7.8343;207.435;-1;0;
7.87046;203.972;-1;0;
7.90679;201.141;-1;0;
7.94328;199.437;-1;0;
7.97995;198.785;-1;0;
8.01678;198.571;-1;0;
8.05378;197.947;-1;0;
8.09096;196.284;-1;0;
8.12831;193.515;-1;0;
8.16582;190.185;-1;0;
8.20352;187.158;-1;0;
8.24138;185.14;-1;0;
8.27942;184.284;-1;0;
8.31764;184.091;-1;0;
8.35603;183.696;-1;0;
8.3946;182.359;-1;0;
8.43335;179.898;-1;0;
8.47227;176.798;-1;0;
8.51138;173.921;-1;0;
8.55067;172;-1;0;
8.59014;171.193;-1;0;
8.62979;170.993;-1;0;
8.66962;170.536;-1;0;
8.70964;169.14;-1;0;
8.74984;166.724;-1;0;
8.79023;163.851;-1;0;
8.8308;161.369;-1;0;
8.87156;159.865;-1;0;
8.91251;159.294;-1;0;
8.95365;159.026;-1;0;
8.99498;158.26;-1;0;
9.03649;156.558;-1;0;
9.07821;154.112;-1;0;
9.12011;151.607;-1;0;
9.1622;149.746;-1;0;
9.2045;148.788;-1;0;
9.24698;148.385;-1;0;
9.28966;147.843;-1;0;
9.33254;146.597;-1;0;
9.37562;144.596;-1;0;
9.4189;142.315;-1;0;
9.46237;140.408;-1;0;
9.50605;139.252;-1;0;
9.54993;138.695;-1;0;
9.59401;138.179;-1;0;
9.63829;137.153;-1;0;
9.68278;135.46;-1;0;
9.72747;133.435;-1;0;
9.77237;131.645;-1;0;
9.81748;130.474;-1;0;
9.86279;129.849;-1;0;
9.90832;129.312;-1;0;
9.95405;128.363;-1;0;
10;126.837;-1;0;

