0.1;1.02125e+08;-1;0;
0.100462;1.01701e+08;-1;0;
0.100925;1.01276e+08;-1;0;
0.101391;1.00848e+08;-1;0;
0.101859;1.00418e+08;-1;0;
0.102329;9.99852e+07;-1;0;
0.102802;9.95502e+07;-1;0;
0.103276;9.91129e+07;-1;0;
0.103753;9.86732e+07;-1;0;
0.104232;9.82311e+07;-1;0;
0.104713;9.77867e+07;-1;0;
0.105196;9.73399e+07;-1;0;
0.105682;9.68908e+07;-1;0;
0.10617;9.64394e+07;-1;0;
0.10666;9.59856e+07;-1;0;
0.107152;9.55295e+07;-1;0;
0.107647;9.5071e+07;-1;0;
0.108143;9.46103e+07;-1;0;
0.108643;9.41473e+07;-1;0;
0.109144;9.36819e+07;-1;0;
0.109648;9.32143e+07;-1;0;
0.110154;9.27444e+07;-1;0;
0.110662;9.22722e+07;-1;0;
0.111173;9.17977e+07;-1;0;
0.111686;9.1321e+07;-1;0;
0.112202;9.08421e+07;-1;0;
0.11272;9.03609e+07;-1;0;
0.11324;8.98775e+07;-1;0;
0.113763;8.93919e+07;-1;0;
0.114288;8.89041e+07;-1;0;
0.114815;8.84141e+07;-1;0;
0.115345;8.79219e+07;-1;0;
0.115878;8.74276e+07;-1;0;
0.116413;8.69311e+07;-1;0;
0.11695;8.64325e+07;-1;0;
0.11749;8.59318e+07;-1;0;
0.118032;8.5429e+07;-1;0;
0.118577;8.49242e+07;-1;0;
0.119124;8.44172e+07;-1;0;
0.119674;8.39082e+07;-1;0;
0.120226;8.33972e+07;-1;0;
0.120781;8.28842e+07;-1;0;
0.121339;8.23692e+07;-1;0;
0.121899;8.18522e+07;-1;0;
0.122462;8.13332e+07;-1;0;
0.123027;8.08124e+07;-1;0;
0.123595;8.02896e+07;-1;0;
0.124165;7.9765e+07;-1;0;
0.124738;7.92384e+07;-1;0;
0.125314;7.87101e+07;-1;0;
0.125893;7.81799e+07;-1;0;
0.126474;7.76479e+07;-1;0;
0.127057;7.71142e+07;-1;0;
0.127644;7.65788e+07;-1;0;
0.128233;7.60416e+07;-1;0;
0.128825;7.55027e+07;-1;0;
0.12942;7.49622e+07;-1;0;
0.130017;7.442e+07;-1;0;
0.130617;7.38763e+07;-1;0;
0.13122;7.3331e+07;-1;0;
0.131826;7.27841e+07;-1;0;
0.132434;7.22357e+07;-1;0;
0.133045;7.16859e+07;-1;0;
0.13366;7.11346e+07;-1;0;
0.134276;7.05819e+07;-1;0;
0.134896;7.00278e+07;-1;0;
0.135519;6.94724e+07;-1;0;
0.136144;6.89157e+07;-1;0;
0.136773;6.83577e+07;-1;0;
0.137404;6.77984e+07;-1;0;
0.138038;6.7238e+07;-1;0;
0.138676;6.66764e+07;-1;0;
0.139316;6.61137e+07;-1;0;
0.139959;6.55499e+07;-1;0;
0.140605;6.49851e+07;-1;0;
0.141254;6.44193e+07;-1;0;
0.141906;6.38525e+07;-1;0;
0.142561;6.32848e+07;-1;0;
0.143219;6.27162e+07;-1;0;
0.14388;6.21468e+07;-1;0;
0.144544;6.15766e+07;-1;0;
0.145211;6.10057e+07;-1;0;
0.145881;6.0434e+07;-1;0;
0.146555;5.98618e+07;-1;0;
0.147231;5.92889e+07;-1;0;
0.147911;5.87155e+07;-1;0;
0.148594;5.81416e+07;-1;0;
0.149279;5.75672e+07;-1;0;
0.149968;5.69924e+07;-1;0;
0.150661;5.64173e+07;-1;0;
0.151356;5.58419e+07;-1;0;
0.152055;5.52662e+07;-1;0;
0.152757;5.46903e+07;-1;0;
0.153462;5.41143e+07;-1;0;
0.15417;5.35383e+07;-1;0;
0.154882;5.29621e+07;-1;0;
0.155597;5.2386e+07;-1;0;
0.156315;5.181e+07;-1;0;
0.157036;5.12342e+07;-1;0;
0.157761;5.06585e+07;-1;0;
0.158489;5.00831e+07;-1;0;
0.159221;4.9508e+07;-1;0;
0.159956;4.89332e+07;-1;0;
0.160694;4.83589e+07;-1;0;
0.161436;4.77851e+07;-1;0;
0.162181;4.72119e+07;-1;0;
0.16293;4.66393e+07;-1;0;
0.163682;4.60673e+07;-1;0;
0.164437;4.54961e+07;-1;0;
0.165196;4.49258e+07;-1;0;
0.165959;4.43563e+07;-1;0;
0.166725;4.37877e+07;-1;0;
0.167494;4.32201e+07;-1;0;
0.168267;4.26537e+07;-1;0;
0.169044;4.20883e+07;-1;0;
0.169824;4.15242e+07;-1;0;
0.170608;4.09613e+07;-1;0;
0.171396;4.03998e+07;-1;0;
0.172187;3.98396e+07;-1;0;
0.172982;3.9281e+07;-1;0;
0.17378;3.87239e+07;-1;0;
0.174582;3.81684e+07;-1;0;
0.175388;3.76147e+07;-1;0;
0.176198;3.70626e+07;-1;0;
0.177011;3.65124e+07;-1;0;
0.177828;3.59642e+07;-1;0;
0.178649;3.54178e+07;-1;0;
0.179473;3.48735e+07;-1;0;
0.180302;3.43314e+07;-1;0;
0.181134;3.37914e+07;-1;0;
0.18197;3.32537e+07;-1;0;
0.18281;3.27183e+07;-1;0;
0.183654;3.21853e+07;-1;0;
0.184502;3.16548e+07;-1;0;
0.185353;3.11269e+07;-1;0;
0.186209;3.06015e+07;-1;0;
0.187068;3.00789e+07;-1;0;
0.187932;2.9559e+07;-1;0;
0.188799;2.9042e+07;-1;0;
0.189671;2.85279e+07;-1;0;
0.190546;2.80168e+07;-1;0;
0.191426;2.75087e+07;-1;0;
0.192309;2.70038e+07;-1;0;
0.193197;2.6502e+07;-1;0;
0.194089;2.60036e+07;-1;0;
0.194984;2.55085e+07;-1;0;
0.195884;2.50168e+07;-1;0;
0.196789;2.45286e+07;-1;0;
0.197697;2.4044e+07;-1;0;
0.198609;2.35629e+07;-1;0;
0.199526;2.30856e+07;-1;0;
0.200447;2.26121e+07;-1;0;
0.201372;2.21424e+07;-1;0;
0.202302;2.16766e+07;-1;0;
0.203236;2.12148e+07;-1;0;
0.204174;2.0757e+07;-1;0;
0.205116;2.03033e+07;-1;0;
0.206063;1.98538e+07;-1;0;
0.207014;1.94086e+07;-1;0;
0.20797;1.89676e+07;-1;0;
0.20893;1.85311e+07;-1;0;
0.209894;1.80989e+07;-1;0;
0.210863;1.76712e+07;-1;0;
0.211836;1.72481e+07;-1;0;
0.212814;1.68296e+07;-1;0;
0.213796;1.64158e+07;-1;0;
0.214783;1.60067e+07;-1;0;
0.215774;1.56023e+07;-1;0;
0.21677;1.52029e+07;-1;0;
0.217771;1.48083e+07;-1;0;
0.218776;1.44186e+07;-1;0;
0.219786;1.4034e+07;-1;0;
0.2208;1.36543e+07;-1;0;
0.22182;1.32798e+07;-1;0;
0.222844;1.29105e+07;-1;0;
0.223872;1.25463e+07;-1;0;
0.224905;1.21873e+07;-1;0;
0.225944;1.18336e+07;-1;0;
0.226986;1.14853e+07;-1;0;
0.228034;1.11422e+07;-1;0;
0.229087;1.08046e+07;-1;0;
0.230144;1.04724e+07;-1;0;
0.231206;1.01457e+07;-1;0;
0.232274;9.82444e+06;-1;0;
0.233346;9.50872e+06;-1;0;
0.234423;9.19855e+06;-1;0;
0.235505;8.89396e+06;-1;0;
0.236592;8.59497e+06;-1;0;
0.237684;8.30161e+06;-1;0;
0.238781;8.01389e+06;-1;0;
0.239883;7.73184e+06;-1;0;
0.240991;7.45546e+06;-1;0;
0.242103;7.18477e+06;-1;0;
0.24322;6.91979e+06;-1;0;
0.244343;6.66053e+06;-1;0;
0.245471;6.40698e+06;-1;0;
0.246604;6.15916e+06;-1;0;
0.247742;5.91707e+06;-1;0;
0.248886;5.68071e+06;-1;0;
0.250035;5.45008e+06;-1;0;
0.251189;5.22516e+06;-1;0;
0.252348;5.00596e+06;-1;0;
0.253513;4.79246e+06;-1;0;
0.254683;4.58466e+06;-1;0;
0.255859;4.38253e+06;-1;0;
0.25704;4.18607e+06;-1;0;
0.258226;3.99524e+06;-1;0;
0.259418;3.81004e+06;-1;0;
0.260615;3.63043e+06;-1;0;
0.261818;3.45638e+06;-1;0;
0.263027;3.28787e+06;-1;0;
0.264241;3.12487e+06;-1;0;
0.265461;2.96734e+06;-1;0;
0.266686;2.81523e+06;-1;0;
0.267917;2.66852e+06;-1;0;
0.269153;2.52716e+06;-1;0;
0.270396;2.3911e+06;-1;0;
0.271644;2.2603e+06;-1;0;
0.272898;2.1347e+06;-1;0;
0.274157;2.01425e+06;-1;0;
0.275423;1.89891e+06;-1;0;
0.276694;1.78859e+06;-1;0;
0.277971;1.68326e+06;-1;0;
0.279254;1.58284e+06;-1;0;
0.280543;1.48727e+06;-1;0;
0.281838;1.39649e+06;-1;0;
0.283139;1.31041e+06;-1;0;
0.284446;1.22898e+06;-1;0;
0.285759;1.15211e+06;-1;0;
0.287078;1.07973e+06;-1;0;
0.288403;1.01176e+06;-1;0;
0.289734;948112;-1;0;
0.291072;888712;-1;0;
0.292415;833472;-1;0;
0.293765;782304;-1;0;
0.295121;735118;-1;0;
0.296483;691825;-1;0;
0.297852;652330;-1;0;
0.299226;616540;-1;0;
0.300608;584358;-1;0;
0.301995;555687;-1;0;
0.303389;530427;-1;0;
0.304789;508478;-1;0;
0.306196;489738;-1;0;
0.30761;474103;-1;0;
0.30903;461469;-1;0;
0.310456;451731;-1;0;
0.311889;444783;-1;0;
0.313329;440517;-1;0;
0.314775;438826;-1;0;
0.316228;439600;-1;0;
0.317687;442731;-1;0;
0.319154;448108;-1;0;
0.320627;455623;-1;0;
0.322107;465164;-1;0;
0.323594;476621;-1;0;
0.325087;489884;-1;0;
0.326588;504843;-1;0;
0.328095;521387;-1;0;
0.32961;539407;-1;0;
0.331131;558793;-1;0;
0.33266;579437;-1;0;
0.334195;601230;-1;0;
0.335738;624066;-1;0;
0.337287;647838;-1;0;
0.338844;672440;-1;0;
0.340408;697769;-1;0;
0.341979;723721;-1;0;
0.343558;750195;-1;0;
0.345144;777091;-1;0;
0.346737;804311;-1;0;
0.348337;831758;-1;0;
0.349945;859337;-1;0;
0.35156;886955;-1;0;
0.353183;914521;-1;0;
0.354813;941948;-1;0;
0.356451;969148;-1;0;
0.358096;996038;-1;0;
0.359749;1.02254e+06;-1;0;
0.36141;1.04856e+06;-1;0;
0.363078;1.07405e+06;-1;0;
0.364754;1.09891e+06;-1;0;
0.366438;1.12308e+06;-1;0;
0.368129;1.14649e+06;-1;0;
0.369828;1.16908e+06;-1;0;
0.371535;1.19078e+06;-1;0;
0.37325;1.21155e+06;-1;0;
0.374973;1.23131e+06;-1;0;
0.376704;1.25003e+06;-1;0;
0.378443;1.26765e+06;-1;0;
0.380189;1.28413e+06;-1;0;
0.381944;1.29942e+06;-1;0;
0.383707;1.31349e+06;-1;0;
0.385478;1.3263e+06;-1;0;
0.387258;1.33783e+06;-1;0;
0.389045;1.34804e+06;-1;0;
0.390841;1.35691e+06;-1;0;
0.392645;1.36442e+06;-1;0;
0.394457;1.37056e+06;-1;0;
0.396278;1.37531e+06;-1;0;
0.398107;1.37866e+06;-1;0;
0.399945;1.3806e+06;-1;0;
0.401791;1.38114e+06;-1;0;
0.403645;1.38027e+06;-1;0;
0.405509;1.37801e+06;-1;0;
0.40738;1.37435e+06;-1;0;
0.409261;1.3693e+06;-1;0;
0.41115;1.3629e+06;-1;0;
0.413048;1.35514e+06;-1;0;
0.414954;1.34605e+06;-1;0;
0.416869;1.33566e+06;-1;0;
0.418794;1.324e+06;-1;0;
0.420727;1.31108e+06;-1;0;
0.422669;1.29696e+06;-1;0;
0.42462;1.28165e+06;-1;0;
0.42658;1.26521e+06;-1;0;
0.428549;1.24766e+06;-1;0;
0.430527;1.22907e+06;-1;0;
0.432514;1.20946e+06;-1;0;
0.43451;1.18888e+06;-1;0;
0.436516;1.16739e+06;-1;0;
0.438531;1.14504e+06;-1;0;
0.440555;1.12188e+06;-1;0;
0.442588;1.09796e+06;-1;0;
0.444631;1.07334e+06;-1;0;
0.446684;1.04808e+06;-1;0;
0.448745;1.02224e+06;-1;0;
0.450817;995861;-1;0;
0.452898;969019;-1;0;
0.454988;941769;-1;0;
0.457088;914173;-1;0;
0.459198;886291;-1;0;
0.461318;858183;-1;0;
0.463447;829910;-1;0;
0.465586;801533;-1;0;
0.467735;773111;-1;0;
0.469894;744704;-1;0;
0.472063;716370;-1;0;
0.474242;688167;-1;0;
0.476431;660152;-1;0;
0.47863;632379;-1;0;
0.480839;604903;-1;0;
0.483059;577776;-1;0;
0.485289;551049;-1;0;
0.487528;524771;-1;0;
0.489779;498990;-1;0;
0.49204;473749;-1;0;
0.494311;449092;-1;0;
0.496592;425060;-1;0;
0.498884;401690;-1;0;
0.501187;379020;-1;0;
0.503501;357081;-1;0;
0.505825;335905;-1;0;
0.508159;315521;-1;0;
0.510505;295952;-1;0;
0.512861;277222;-1;0;
0.515229;259351;-1;0;
0.517607;242354;-1;0;
0.519996;226248;-1;0;
0.522396;211042;-1;0;
0.524807;196745;-1;0;
0.52723;183362;-1;0;
0.529663;170896;-1;0;
0.532108;159346;-1;0;
0.534564;148710;-1;0;
0.537032;138982;-1;0;
0.539511;130152;-1;0;
0.542001;122211;-1;0;
0.544503;115145;-1;0;
0.547016;108936;-1;0;
0.549541;103568;-1;0;
0.552077;99017.8;-1;0;
0.554626;95263.9;-1;0;
0.557186;92280.8;-1;0;
0.559758;90041.5;-1;0;
0.562341;88517.1;-1;0;
0.564937;87676.9;-1;0;
0.567545;87488.8;-1;0;
0.570164;87919.2;-1;0;
0.572796;88933.2;-1;0;
0.57544;90494.6;-1;0;
0.578096;92566.3;-1;0;
0.580764;95110.6;-1;0;
0.583445;98088.6;-1;0;
0.586138;101461;-1;0;
0.588844;105189;-1;0;
0.591562;109231;-1;0;
0.594292;113549;-1;0;
0.597035;118102;-1;0;
0.599791;122850;-1;0;
0.60256;127755;-1;0;
0.605341;132777;-1;0;
0.608135;137878;-1;0;
0.610942;143020;-1;0;
0.613762;148168;-1;0;
0.616595;153285;-1;0;
0.619441;158336;-1;0;
0.6223;163290;-1;0;
0.625173;168114;-1;0;
0.628058;172777;-1;0;
0.630957;177251;-1;0;
0.63387;181509;-1;0;
0.636796;185525;-1;0;
0.639735;189277;-1;0;
0.642688;192741;-1;0;
0.645654;195899;-1;0;
0.648634;198732;-1;0;
0.651628;201225;-1;0;
0.654636;203365;-1;0;
0.657658;205138;-1;0;
0.660693;206536;-1;0;
0.663743;207552;-1;0;
0.666807;208179;-1;0;
0.669885;208415;-1;0;
0.672977;208258;-1;0;
0.676083;207709;-1;0;
0.679204;206771;-1;0;
0.682339;205448;-1;0;
0.685488;203748;-1;0;
0.688652;201678;-1;0;
0.691831;199249;-1;0;
0.695024;196472;-1;0;
0.698232;193362;-1;0;
0.701455;189934;-1;0;
0.704693;186204;-1;0;
0.707946;182190;-1;0;
0.711214;177912;-1;0;
0.714496;173389;-1;0;
0.717794;168644;-1;0;
0.721107;163699;-1;0;
0.724436;158577;-1;0;
0.72778;153301;-1;0;
0.731139;147897;-1;0;
0.734514;142390;-1;0;
0.737904;136803;-1;0;
0.74131;131164;-1;0;
0.744732;125497;-1;0;
0.74817;119828;-1;0;
0.751623;114181;-1;0;
0.755092;108582;-1;0;
0.758578;103055;-1;0;
0.762079;97622.6;-1;0;
0.765597;92308.7;-1;0;
0.76913;87135;-1;0;
0.772681;82122.3;-1;0;
0.776247;77290.5;-1;0;
0.77983;72658.1;-1;0;
0.78343;68242.4;-1;0;
0.787046;64059.2;-1;0;
0.790679;60122.6;-1;0;
0.794328;56445.2;-1;0;
0.797995;53037.9;-1;0;
0.801678;49909.8;-1;0;
0.805378;47068;-1;0;
0.809096;44517.9;-1;0;
0.812831;42263;-1;0;
0.816582;40304.6;-1;0;
0.820352;38642.2;-1;0;
0.824138;37273.4;-1;0;
0.827942;36193.8;-1;0;
0.831764;35396.9;-1;0;
0.835603;34874.5;-1;0;
0.83946;34616.6;-1;0;
0.843335;34611.3;-1;0;
0.847227;34845.2;-1;0;
0.851138;35303.2;-1;0;
0.855067;35968.8;-1;0;
0.859014;36824.1;-1;0;
0.862979;37850.2;-1;0;
0.866962;39027;-1;0;
0.870964;40333.5;-1;0;
0.874984;41748.1;-1;0;
0.879023;43248.6;-1;0;
0.88308;44812.6;-1;0;
0.887156;46417.3;-1;0;
0.891251;48040.2;-1;0;
0.895365;49658.8;-1;0;
0.899498;51251.4;-1;0;
0.903649;52796.7;-1;0;
0.907821;54274.3;-1;0;
0.912011;55664.7;-1;0;
0.91622;56949.9;-1;0;
0.92045;58113.1;-1;0;
0.924698;59139;-1;0;
0.928966;60014.1;-1;0;
0.933254;60726.7;-1;0;
0.937562;61267;-1;0;
0.94189;61627.3;-1;0;
0.946237;61801.8;-1;0;
0.950605;61787;-1;0;
0.954993;61581.7;-1;0;
0.959401;61186.5;-1;0;
0.963829;60604.5;-1;0;
0.968278;59840.8;-1;0;
0.972747;58902.4;-1;0;
0.977237;57798.4;-1;0;
0.981748;56539.7;-1;0;
0.986279;55138.8;-1;0;
0.990832;53609.8;-1;0;
0.995405;51968;-1;0;
1;50230.1;-1;0;
1.00462;48413.5;-1;0;
1.00925;46536.4;-1;0;
1.01391;44617.3;-1;0;
1.01859;42675.3;-1;0;
1.02329;40729;-1;0;
1.02802;38797.3;-1;0;
1.03276;36898;-1;0;
1.03753;35048.7;-1;0;
1.04232;33265.8;-1;0;
1.04713;31564.5;-1;0;
1.05196;29958.7;-1;0;
1.05682;28461;-1;0;
1.0617;27081.9;-1;0;
1.0666;25830.5;-1;0;
1.07152;24713.9;-1;0;
1.07647;23737.1;-1;0;
1.08143;22903.3;-1;0;
1.08643;22213.5;-1;0;
1.09144;21666.9;-1;0;
1.09648;21260.5;-1;0;
1.10154;20989.9;-1;0;
1.10662;20848.4;-1;0;
1.11173;20828;-1;0;
1.11686;20919.1;-1;0;
1.12202;21111;-1;0;
1.1272;21391.7;-1;0;
1.1324;21748.4;-1;0;
1.13763;22167.5;-1;0;
1.14288;22635.2;-1;0;
1.14815;23137.4;-1;0;
1.15345;23659.8;-1;0;
1.15878;24188.7;-1;0;
1.16413;24710.6;-1;0;
1.1695;25212.9;-1;0;
1.1749;25683.6;-1;0;
1.18032;26111.9;-1;0;
1.18577;26488.3;-1;0;
1.19124;26804.2;-1;0;
1.19674;27052.8;-1;0;
1.20226;27228.7;-1;0;
1.20781;27327.9;-1;0;
1.21339;27348;-1;0;
1.21899;27288.1;-1;0;
1.22462;27149;-1;0;
1.23027;26932.7;-1;0;
1.23595;26642.6;-1;0;
1.24165;26283.4;-1;0;
1.24738;25860.9;-1;0;
1.25314;25381.7;-1;0;
1.25893;24853.5;-1;0;
1.26474;24284.3;-1;0;
1.27057;23682.9;-1;0;
1.27644;23058.1;-1;0;
1.28233;22419;-1;0;
1.28825;21774.6;-1;0;
1.2942;21133.6;-1;0;
1.30017;20504.4;-1;0;
1.30617;19894.8;-1;0;
1.3122;19312.1;-1;0;
1.31826;18762.6;-1;0;
1.32434;18251.9;-1;0;
1.33045;17784.6;-1;0;
1.3366;17364.5;-1;0;
1.34276;16994;-1;0;
1.34896;16674.9;-1;0;
1.35519;16407.6;-1;0;
1.36144;16191.7;-1;0;
1.36773;16025.9;-1;0;
1.37404;15907.7;-1;0;
1.38038;15834.1;-1;0;
1.38676;15801.2;-1;0;
1.39316;15804.4;-1;0;
1.39959;15838.8;-1;0;
1.40605;15898.9;-1;0;
1.41254;15978.8;-1;0;
1.41906;16072.8;-1;0;
1.42561;16174.9;-1;0;
1.43219;16279.1;-1;0;
1.4388;16379.9;-1;0;
1.44544;16471.7;-1;0;
1.45211;16549.8;-1;0;
1.45881;16609.7;-1;0;
1.46555;16647.6;-1;0;
1.47231;16660.4;-1;0;
1.47911;16645.6;-1;0;
1.48594;16601.6;-1;0;
1.49279;16527.7;-1;0;
1.49968;16423.9;-1;0;
1.50661;16290.8;-1;0;
1.51356;16130.2;-1;0;
1.52055;15944.2;-1;0;
1.52757;15735.9;-1;0;
1.53462;15508.6;-1;0;
1.5417;15266.3;-1;0;
1.54882;15013.5;-1;0;
1.55597;14754.6;-1;0;
1.56315;14494.2;-1;0;
1.57036;14237.1;-1;0;
1.57761;13987.7;-1;0;
1.58489;13750.2;-1;0;
1.59221;13528.3;-1;0;
1.59956;13325.3;-1;0;
1.60694;13143.7;-1;0;
1.61436;12985.6;-1;0;
1.62181;12851.9;-1;0;
1.6293;12743;-1;0;
1.63682;12658.6;-1;0;
1.64437;12597.3;-1;0;
1.65196;12557.2;-1;0;
1.65959;12535.6;-1;0;
1.66725;12529.3;-1;0;
1.67494;12534.8;-1;0;
1.68267;12548;-1;0;
1.69044;12564.8;-1;0;
1.69824;12581.1;-1;0;
1.70608;12593;-1;0;
1.71396;12596.7;-1;0;
1.72187;12589;-1;0;
1.72982;12567.2;-1;0;
1.7378;12529.4;-1;0;
1.74582;12474.2;-1;0;
1.75388;12401.1;-1;0;
1.76198;12310.3;-1;0;
1.77011;12203;-1;0;
1.77828;12080.9;-1;0;
1.78649;11946.3;-1;0;
1.79473;11802.2;-1;0;
1.80302;11651.7;-1;0;
1.81134;11498.5;-1;0;
1.8197;11346;-1;0;
1.8281;11197.7;-1;0;
1.83654;11056.9;-1;0;
1.84502;10926.3;-1;0;
1.85353;10808.3;-1;0;
1.86209;10704.5;-1;0;
1.87068;10615.9;-1;0;
1.87932;10542.9;-1;0;
1.88799;10484.9;-1;0;
1.89671;10440.8;-1;0;
1.90546;10408.9;-1;0;
1.91426;10386.9;-1;0;
1.92309;10372.1;-1;0;
1.93197;10361.6;-1;0;
1.94089;10352.3;-1;0;
1.94984;10341.1;-1;0;
1.95884;10325.3;-1;0;
1.96789;10302.2;-1;0;
1.97697;10270;-1;0;
1.98609;10227;-1;0;
1.99526;10172.2;-1;0;
2.00447;10105.4;-1;0;
2.01372;10027;-1;0;
2.02302;9937.74;-1;0;
2.03236;9839.26;-1;0;
2.04174;9733.44;-1;0;
2.05116;9622.57;-1;0;
2.06063;9509.16;-1;0;
2.07014;9395.83;-1;0;
2.0797;9285.15;-1;0;
2.0893;9179.54;-1;0;
2.09894;9081.12;-1;0;
2.10863;8991.65;-1;0;
2.11836;8912.4;-1;0;
2.12814;8844.16;-1;0;
2.13796;8787.13;-1;0;
2.14783;8740.99;-1;0;
2.15774;8704.85;-1;0;
2.1677;8677.36;-1;0;
2.17771;8656.75;-1;0;
2.18776;8640.92;-1;0;
2.19786;8627.52;-1;0;
2.208;8614.13;-1;0;
2.2182;8598.3;-1;0;
2.22844;8577.73;-1;0;
2.23872;8550.36;-1;0;
2.24905;8514.47;-1;0;
2.25944;8468.81;-1;0;
2.26986;8412.63;-1;0;
2.28034;8345.76;-1;0;
2.29087;8268.62;-1;0;
2.30144;8182.22;-1;0;
2.31206;8088.11;-1;0;
2.32274;7988.35;-1;0;
2.33346;7885.36;-1;0;
2.34423;7781.84;-1;0;
2.35505;7680.59;-1;0;
2.36592;7584.4;-1;0;
2.37684;7495.81;-1;0;
2.38781;7417.03;-1;0;
2.39883;7349.7;-1;0;
2.40991;7294.86;-1;0;
2.42103;7252.78;-1;0;
2.4322;7222.96;-1;0;
2.44343;7204.11;-1;0;
2.45471;7194.2;-1;0;
2.46604;7190.59;-1;0;
2.47742;7190.15;-1;0;
2.48886;7189.47;-1;0;
2.50035;7185.1;-1;0;
2.51189;7173.76;-1;0;
2.52348;7152.6;-1;0;
2.53513;7119.4;-1;0;
2.54683;7072.74;-1;0;
2.55859;7012.16;-1;0;
2.5704;6938.2;-1;0;
2.58226;6852.37;-1;0;
2.59418;6757.11;-1;0;
2.60615;6655.56;-1;0;
2.61818;6551.44;-1;0;
2.63027;6448.68;-1;0;
2.64241;6351.19;-1;0;
2.65461;6262.56;-1;0;
2.66686;6185.77;-1;0;
2.67917;6122.93;-1;0;
2.69153;6075.15;-1;0;
2.70396;6042.42;-1;0;
2.71644;6023.6;-1;0;
2.72898;6016.51;-1;0;
2.74157;6018.07;-1;0;
2.75423;6024.55;-1;0;
2.76694;6031.86;-1;0;
2.77971;6035.86;-1;0;
2.79254;6032.69;-1;0;
2.80543;6019.06;-1;0;
2.81838;5992.53;-1;0;
2.83139;5951.69;-1;0;
2.84446;5896.3;-1;0;
2.85759;5827.25;-1;0;
2.87078;5746.56;-1;0;
2.88403;5657.19;-1;0;
2.89734;5562.81;-1;0;
2.91072;5467.5;-1;0;
2.92415;5375.47;-1;0;
2.93765;5290.65;-1;0;
2.95121;5216.44;-1;0;
2.96483;5155.37;-1;0;
2.97852;5108.94;-1;0;
2.99226;5077.46;-1;0;
3.00608;5059.98;-1;0;
3.01995;5054.41;-1;0;
3.03389;5057.64;-1;0;
3.04789;5065.78;-1;0;
3.06196;5074.52;-1;0;
3.0761;5079.46;-1;0;
3.0903;5076.54;-1;0;
3.10456;5062.33;-1;0;
3.11889;5034.47;-1;0;
3.13329;4991.79;-1;0;
3.14775;4934.56;-1;0;
3.16228;4864.4;-1;0;
3.17687;4784.24;-1;0;
3.19154;4698;-1;0;
3.20627;4610.28;-1;0;
3.22107;4525.91;-1;0;
3.23594;4449.44;-1;0;
3.25087;4384.72;-1;0;
3.26588;4334.46;-1;0;
3.28095;4299.94;-1;0;
3.2961;4280.84;-1;0;
3.31131;4275.27;-1;0;
3.3266;4279.91;-1;0;
3.34195;4290.38;-1;0;
3.35738;4301.67;-1;0;
3.37287;4308.7;-1;0;
3.38844;4306.89;-1;0;
3.40408;4292.61;-1;0;
3.41979;4263.69;-1;0;
3.43558;4219.57;-1;0;
3.45144;4161.45;-1;0;
3.46737;4092.12;-1;0;
3.48337;4015.65;-1;0;
3.49945;3936.94;-1;0;
3.5156;3861.15;-1;0;
3.53183;3793.1;-1;0;
3.54813;3736.7;-1;0;
3.56451;3694.5;-1;0;
3.58096;3667.39;-1;0;
3.59749;3654.5;-1;0;
3.6141;3653.29;-1;0;
3.63078;3659.88;-1;0;
3.64754;3669.48;-1;0;
3.66438;3677.01;-1;0;
3.68129;3677.69;-1;0;
3.69828;3667.66;-1;0;
3.71535;3644.44;-1;0;
3.7325;3607.23;-1;0;
3.74973;3557.05;-1;0;
3.76704;3496.61;-1;0;
3.78443;3429.95;-1;0;
3.80189;3361.94;-1;0;
3.81944;3297.64;-1;0;
3.83707;3241.62;-1;0;
3.85478;3197.37;-1;0;
3.87258;3166.79;-1;0;
3.89045;3149.94;-1;0;
3.90841;3145.01;-1;0;
3.92645;3148.57;-1;0;
3.94457;3156.01;-1;0;
3.96278;3162.24;-1;0;
3.98107;3162.4;-1;0;
3.99945;3152.57;-1;0;
4.01791;3130.34;-1;0;
4.03645;3095.19;-1;0;
4.05509;3048.56;-1;0;
4.0738;2993.64;-1;0;
4.09261;2934.88;-1;0;
4.1115;2877.31;-1;0;
4.13048;2825.75;-1;0;
4.14954;2784.05;-1;0;
4.16869;2754.52;-1;0;
4.18794;2737.53;-1;0;
4.20727;2731.5;-1;0;
4.22669;2733.14;-1;0;
4.2462;2737.98;-1;0;
4.2658;2741.16;-1;0;
4.28549;2738.19;-1;0;
4.30527;2725.68;-1;0;
4.32514;2701.95;-1;0;
4.3451;2667.24;-1;0;
4.36516;2623.68;-1;0;
4.38531;2574.92;-1;0;
4.40555;2525.47;-1;0;
4.42588;2479.91;-1;0;
4.44631;2442.11;-1;0;
4.46684;2414.53;-1;0;
4.48745;2397.81;-1;0;
4.50817;2390.65;-1;0;
4.52898;2390.1;-1;0;
4.54988;2392.05;-1;0;
4.57088;2392.06;-1;0;
4.59198;2386.16;-1;0;
4.61318;2371.6;-1;0;
4.63447;2347.34;-1;0;
4.65586;2314.27;-1;0;
4.67735;2274.98;-1;0;
4.69894;2233.26;-1;0;
4.72063;2193.34;-1;0;
4.74242;2159.03;-1;0;
4.76431;2132.98;-1;0;
4.7863;2116.15;-1;0;
4.80839;2107.64;-1;0;
4.83059;2104.9;-1;0;
4.85289;2104.27;-1;0;
4.87528;2101.81;-1;0;
4.89779;2094.06;-1;0;
4.9204;2078.83;-1;0;
4.94311;2055.62;-1;0;
4.96592;2025.67;-1;0;
4.98884;1991.72;-1;0;
5.01187;1957.32;-1;0;
5.03501;1926.06;-1;0;
5.05825;1900.76;-1;0;
5.08159;1882.87;-1;0;
5.10505;1872.16;-1;0;
5.12861;1866.78;-1;0;
5.15229;1863.77;-1;0;
5.17607;1859.75;-1;0;
5.19996;1851.7;-1;0;
5.22396;1837.71;-1;0;
5.24807;1817.35;-1;0;
5.2723;1791.78;-1;0;
5.29663;1763.43;-1;0;
5.32108;1735.33;-1;0;
5.34564;1710.41;-1;0;
5.37032;1690.71;-1;0;
5.39511;1676.96;-1;0;
5.42001;1668.39;-1;0;
5.44503;1662.98;-1;0;
5.47016;1658.02;-1;0;
5.49541;1650.81;-1;0;
5.52077;1639.4;-1;0;
5.54626;1623.05;-1;0;
5.57186;1602.38;-1;0;
5.59758;1579.17;-1;0;
5.62341;1555.87;-1;0;
5.64937;1534.85;-1;0;
5.67545;1517.81;-1;0;
5.70164;1505.31;-1;0;
5.72796;1496.67;-1;0;
5.7544;1490.2;-1;0;
5.78096;1483.71;-1;0;
5.80764;1475.16;-1;0;
5.83445;1463.23;-1;0;
5.86138;1447.68;-1;0;
5.88844;1429.37;-1;0;
5.91562;1409.94;-1;0;
5.94292;1391.35;-1;0;
5.97035;1375.19;-1;0;
5.99791;1362.33;-1;0;
6.0256;1352.59;-1;0;
6.05341;1344.92;-1;0;
6.08135;1337.72;-1;0;
6.10942;1329.36;-1;0;
6.13762;1318.74;-1;0;
6.16595;1305.52;-1;0;
6.19441;1290.26;-1;0;
6.223;1274.18;-1;0;
6.25173;1258.69;-1;0;
6.28058;1244.97;-1;0;
6.30957;1233.6;-1;0;
6.3387;1224.38;-1;0;
6.36796;1216.44;-1;0;
6.39735;1208.61;-1;0;
6.42688;1199.78;-1;0;
6.45654;1189.31;-1;0;
6.48634;1177.17;-1;0;
6.51628;1163.94;-1;0;
6.54636;1150.55;-1;0;
6.57658;1137.97;-1;0;
6.60693;1126.84;-1;0;
6.63743;1117.29;-1;0;
6.66807;1108.91;-1;0;
6.69885;1100.98;-1;0;
6.72977;1092.69;-1;0;
6.76083;1083.44;-1;0;
6.79204;1073.09;-1;0;
6.82339;1061.92;-1;0;
6.85488;1050.5;-1;0;
6.88652;1039.5;-1;0;
6.91831;1029.41;-1;0;
6.95024;1020.37;-1;0;
6.98232;1012.16;-1;0;
7.01455;1004.3;-1;0;
7.04693;996.278;-1;0;
7.07946;987.699;-1;0;
7.11214;978.458;-1;0;
7.14496;968.725;-1;0;
7.17794;958.87;-1;0;
7.21107;949.303;-1;0;
7.24436;940.324;-1;0;
7.2778;932.024;-1;0;
7.31139;924.261;-1;0;
7.34514;916.735;-1;0;
7.37904;909.105;-1;0;
7.4131;901.121;-1;0;
7.44732;892.718;-1;0;
7.4817;884.026;-1;0;
7.51623;875.314;-1;0;
7.55092;866.87;-1;0;
7.58578;858.886;-1;0;
7.62079;851.393;-1;0;
7.65597;844.252;-1;0;
7.6913;837.223;-1;0;
7.72681;830.061;-1;0;
7.76247;822.609;-1;0;
7.7983;814.86;-1;0;
7.8343;806.958;-1;0;
7.87046;799.137;-1;0;
7.90679;791.631;-1;0;
7.94328;784.571;-1;0;
7.97995;777.92;-1;0;
8.01678;771.482;-1;0;
8.05378;764.987;-1;0;
8.09096;758.214;-1;0;
8.12831;751.1;-1;0;
8.16582;743.776;-1;0;
8.20352;736.515;-1;0;
8.24138;729.595;-1;0;
8.27942;723.166;-1;0;
8.31764;717.164;-1;0;
8.35603;711.331;-1;0;
8.3946;705.34;-1;0;
8.43335;698.957;-1;0;
8.47227;692.183;-1;0;
8.51138;685.267;-1;0;
8.55067;678.591;-1;0;
8.59014;672.453;-1;0;
8.62979;666.89;-1;0;
8.66962;661.631;-1;0;
8.70964;656.236;-1;0;
8.74984;650.357;-1;0;
8.79023;643.956;-1;0;
8.8308;637.353;-1;0;
8.87156;631.045;-1;0;
8.91251;625.402;-1;0;
8.95365;620.418;-1;0;
8.99498;615.69;-1;0;
9.03649;610.657;-1;0;
9.07821;604.967;-1;0;
9.12011;598.724;-1;0;
9.1622;592.451;-1;0;
9.2045;586.747;-1;0;
9.24698;581.88;-1;0;
9.28966;577.571;-1;0;
9.33254;573.166;-1;0;
9.37562;568.084;-1;0;
9.4189;562.247;-1;0;
9.46237;556.16;-1;0;
9.50605;550.563;-1;0;
9.54993;545.892;-1;0;
9.59401;541.932;-1;0;
9.63829;537.954;-1;0;
9.68278;533.255;-1;0;
9.72747;527.702;-1;0;
9.77237;521.858;-1;0;
9.81748;516.564;-1;0;
9.86279;512.273;-1;0;
9.90832;508.682;-1;0;
9.95405;504.946;-1;0;
10;500.359;-1;0;

