0.01;0.0685047;-1;0;
0.0100693;0.0685042;-1;0;
0.0101391;0.0685037;-1;0;
0.0102094;0.0685032;-1;0;
0.0102802;0.0685027;-1;0;
0.0103514;0.0685022;-1;0;
0.0104232;0.0685017;-1;0;
0.0104954;0.0685012;-1;0;
0.0105682;0.0685007;-1;0;
0.0106414;0.0685001;-1;0;
0.0107152;0.0684996;-1;0;
0.0107895;0.068499;-1;0;
0.0108643;0.0684985;-1;0;
0.0109396;0.0684979;-1;0;
0.0110154;0.0684973;-1;0;
0.0110917;0.0684968;-1;0;
0.0111686;0.0684962;-1;0;
0.011246;0.0684956;-1;0;
0.011324;0.068495;-1;0;
0.0114025;0.0684944;-1;0;
0.0114815;0.0684938;-1;0;
0.0115611;0.0684931;-1;0;
0.0116413;0.0684925;-1;0;
0.011722;0.0684918;-1;0;
0.0118032;0.0684912;-1;0;
0.011885;0.0684905;-1;0;
0.0119674;0.0684899;-1;0;
0.0120504;0.0684892;-1;0;
0.0121339;0.0684885;-1;0;
0.012218;0.0684878;-1;0;
0.0123027;0.0684871;-1;0;
0.012388;0.0684863;-1;0;
0.0124738;0.0684856;-1;0;
0.0125603;0.0684849;-1;0;
0.0126474;0.0684841;-1;0;
0.012735;0.0684834;-1;0;
0.0128233;0.0684826;-1;0;
0.0129122;0.0684818;-1;0;
0.0130017;0.068481;-1;0;
0.0130918;0.0684802;-1;0;
0.0131826;0.0684794;-1;0;
0.0132739;0.0684786;-1;0;
0.013366;0.0684777;-1;0;
0.0134586;0.0684769;-1;0;
0.0135519;0.068476;-1;0;
0.0136458;0.0684751;-1;0;
0.0137404;0.0684742;-1;0;
0.0138357;0.0684733;-1;0;
0.0139316;0.0684724;-1;0;
0.0140281;0.0684715;-1;0;
0.0141254;0.0684706;-1;0;
0.0142233;0.0684696;-1;0;
0.0143219;0.0684687;-1;0;
0.0144212;0.0684677;-1;0;
0.0145211;0.0684667;-1;0;
0.0146218;0.0684657;-1;0;
0.0147231;0.0684647;-1;0;
0.0148252;0.0684636;-1;0;
0.0149279;0.0684626;-1;0;
0.0150314;0.0684615;-1;0;
0.0151356;0.0684605;-1;0;
0.0152405;0.0684594;-1;0;
0.0153462;0.0684583;-1;0;
0.0154525;0.0684571;-1;0;
0.0155597;0.068456;-1;0;
0.0156675;0.0684548;-1;0;
0.0157761;0.0684537;-1;0;
0.0158855;0.0684525;-1;0;
0.0159956;0.0684513;-1;0;
0.0161065;0.0684501;-1;0;
0.0162181;0.0684488;-1;0;
0.0163305;0.0684476;-1;0;
0.0164437;0.0684463;-1;0;
0.0165577;0.068445;-1;0;
0.0166725;0.0684437;-1;0;
0.016788;0.0684424;-1;0;
0.0169044;0.0684411;-1;0;
0.0170216;0.0684397;-1;0;
0.0171396;0.0684383;-1;0;
0.0172584;0.0684369;-1;0;
0.017378;0.0684355;-1;0;
0.0174985;0.0684341;-1;0;
0.0176198;0.0684326;-1;0;
0.0177419;0.0684311;-1;0;
0.0178649;0.0684296;-1;0;
0.0179887;0.0684281;-1;0;
0.0181134;0.0684266;-1;0;
0.018239;0.068425;-1;0;
0.0183654;0.0684234;-1;0;
0.0184927;0.0684218;-1;0;
0.0186209;0.0684202;-1;0;
0.0187499;0.0684185;-1;0;
0.0188799;0.0684169;-1;0;
0.0190108;0.0684152;-1;0;
0.0191426;0.0684134;-1;0;
0.0192752;0.0684117;-1;0;
0.0194089;0.0684099;-1;0;
0.0195434;0.0684081;-1;0;
0.0196789;0.0684063;-1;0;
0.0198153;0.0684045;-1;0;
0.0199526;0.0684026;-1;0;
0.0200909;0.0684007;-1;0;
0.0202302;0.0683988;-1;0;
0.0203704;0.0683968;-1;0;
0.0205116;0.0683949;-1;0;
0.0206538;0.0683929;-1;0;
0.020797;0.0683908;-1;0;
0.0209411;0.0683888;-1;0;
0.0210863;0.0683867;-1;0;
0.0212324;0.0683846;-1;0;
0.0213796;0.0683824;-1;0;
0.0215278;0.0683803;-1;0;
0.021677;0.0683781;-1;0;
0.0218273;0.0683758;-1;0;
0.0219786;0.0683735;-1;0;
0.0221309;0.0683713;-1;0;
0.0222844;0.0683689;-1;0;
0.0224388;0.0683666;-1;0;
0.0225944;0.0683642;-1;0;
0.022751;0.0683617;-1;0;
0.0229087;0.0683593;-1;0;
0.0230675;0.0683568;-1;0;
0.0232274;0.0683542;-1;0;
0.0233884;0.0683517;-1;0;
0.0235505;0.0683491;-1;0;
0.0237137;0.0683464;-1;0;
0.0238781;0.0683438;-1;0;
0.0240436;0.0683411;-1;0;
0.0242103;0.0683383;-1;0;
0.0243781;0.0683355;-1;0;
0.0245471;0.0683327;-1;0;
0.0247172;0.0683298;-1;0;
0.0248886;0.0683269;-1;0;
0.0250611;0.068324;-1;0;
0.0252348;0.068321;-1;0;
0.0254097;0.068318;-1;0;
0.0255859;0.0683149;-1;0;
0.0257632;0.0683118;-1;0;
0.0259418;0.0683086;-1;0;
0.0261216;0.0683054;-1;0;
0.0263027;0.0683022;-1;0;
0.026485;0.0682989;-1;0;
0.0266686;0.0682956;-1;0;
0.0268534;0.0682922;-1;0;
0.0270396;0.0682888;-1;0;
0.027227;0.0682853;-1;0;
0.0274157;0.0682818;-1;0;
0.0276058;0.0682782;-1;0;
0.0277971;0.0682746;-1;0;
0.0279898;0.0682709;-1;0;
0.0281838;0.0682672;-1;0;
0.0283792;0.0682634;-1;0;
0.0285759;0.0682596;-1;0;
0.028774;0.0682557;-1;0;
0.0289734;0.0682518;-1;0;
0.0291743;0.0682478;-1;0;
0.0293765;0.0682437;-1;0;
0.0295801;0.0682396;-1;0;
0.0297852;0.0682355;-1;0;
0.0299916;0.0682313;-1;0;
0.0301995;0.068227;-1;0;
0.0304089;0.0682227;-1;0;
0.0306196;0.0682183;-1;0;
0.0308319;0.0682138;-1;0;
0.0310456;0.0682093;-1;0;
0.0312608;0.0682047;-1;0;
0.0314775;0.0682001;-1;0;
0.0316957;0.0681954;-1;0;
0.0319154;0.0681906;-1;0;
0.0321366;0.0681858;-1;0;
0.0323594;0.0681809;-1;0;
0.0325837;0.0681759;-1;0;
0.0328095;0.0681709;-1;0;
0.033037;0.0681658;-1;0;
0.033266;0.0681606;-1;0;
0.0334965;0.0681553;-1;0;
0.0337287;0.06815;-1;0;
0.0339625;0.0681446;-1;0;
0.0341979;0.0681391;-1;0;
0.034435;0.0681336;-1;0;
0.0346737;0.068128;-1;0;
0.034914;0.0681223;-1;0;
0.035156;0.0681165;-1;0;
0.0353997;0.0681106;-1;0;
0.0356451;0.0681047;-1;0;
0.0358922;0.0680987;-1;0;
0.036141;0.0680926;-1;0;
0.0363915;0.0680864;-1;0;
0.0366438;0.0680801;-1;0;
0.0368978;0.0680737;-1;0;
0.0371535;0.0680673;-1;0;
0.0374111;0.0680607;-1;0;
0.0376704;0.0680541;-1;0;
0.0379315;0.0680474;-1;0;
0.0381944;0.0680406;-1;0;
0.0384592;0.0680336;-1;0;
0.0387258;0.0680266;-1;0;
0.0389942;0.0680195;-1;0;
0.0392645;0.0680123;-1;0;
0.0395367;0.068005;-1;0;
0.0398107;0.0679976;-1;0;
0.0400867;0.0679901;-1;0;
0.0403645;0.0679825;-1;0;
0.0406443;0.0679748;-1;0;
0.0409261;0.067967;-1;0;
0.0412098;0.0679591;-1;0;
0.0414954;0.067951;-1;0;
0.041783;0.0679429;-1;0;
0.0420727;0.0679346;-1;0;
0.0423643;0.0679262;-1;0;
0.042658;0.0679177;-1;0;
0.0429536;0.0679091;-1;0;
0.0432514;0.0679004;-1;0;
0.0435512;0.0678916;-1;0;
0.0438531;0.0678826;-1;0;
0.044157;0.0678735;-1;0;
0.0444631;0.0678643;-1;0;
0.0447713;0.0678549;-1;0;
0.0450817;0.0678455;-1;0;
0.0453942;0.0678359;-1;0;
0.0457088;0.0678261;-1;0;
0.0460257;0.0678163;-1;0;
0.0463447;0.0678062;-1;0;
0.0466659;0.0677961;-1;0;
0.0469894;0.0677858;-1;0;
0.0473151;0.0677754;-1;0;
0.0476431;0.0677648;-1;0;
0.0479733;0.0677541;-1;0;
0.0483059;0.0677432;-1;0;
0.0486407;0.0677322;-1;0;
0.0489779;0.0677211;-1;0;
0.0493174;0.0677097;-1;0;
0.0496592;0.0676983;-1;0;
0.0500035;0.0676866;-1;0;
0.0503501;0.0676748;-1;0;
0.0506991;0.0676629;-1;0;
0.0510505;0.0676508;-1;0;
0.0514044;0.0676385;-1;0;
0.0517607;0.067626;-1;0;
0.0521195;0.0676134;-1;0;
0.0524807;0.0676006;-1;0;
0.0528445;0.0675876;-1;0;
0.0532108;0.0675745;-1;0;
0.0535797;0.0675611;-1;0;
0.0539511;0.0675476;-1;0;
0.054325;0.0675339;-1;0;
0.0547016;0.06752;-1;0;
0.0550808;0.067506;-1;0;
0.0554626;0.0674917;-1;0;
0.055847;0.0674772;-1;0;
0.0562341;0.0674625;-1;0;
0.0566239;0.0674477;-1;0;
0.0570164;0.0674326;-1;0;
0.0574116;0.0674173;-1;0;
0.0578096;0.0674018;-1;0;
0.0582103;0.0673861;-1;0;
0.0586138;0.0673702;-1;0;
0.0590201;0.0673541;-1;0;
0.0594292;0.0673377;-1;0;
0.0598412;0.0673211;-1;0;
0.060256;0.0673043;-1;0;
0.0606736;0.0672873;-1;0;
0.0610942;0.06727;-1;0;
0.0615177;0.0672525;-1;0;
0.0619441;0.0672347;-1;0;
0.0623735;0.0672167;-1;0;
0.0628058;0.0671985;-1;0;
0.0632412;0.06718;-1;0;
0.0636796;0.0671613;-1;0;
0.064121;0.0671423;-1;0;
0.0645654;0.067123;-1;0;
0.065013;0.0671035;-1;0;
0.0654636;0.0670837;-1;0;
0.0659174;0.0670637;-1;0;
0.0663743;0.0670433;-1;0;
0.0668344;0.0670227;-1;0;
0.0672977;0.0670018;-1;0;
0.0677642;0.0669807;-1;0;
0.0682339;0.0669592;-1;0;
0.0687068;0.0669375;-1;0;
0.0691831;0.0669154;-1;0;
0.0696627;0.0668931;-1;0;
0.0701455;0.0668704;-1;0;
0.0706318;0.0668474;-1;0;
0.0711214;0.0668242;-1;0;
0.0716143;0.0668006;-1;0;
0.0721107;0.0667767;-1;0;
0.0726106;0.0667524;-1;0;
0.0731139;0.0667278;-1;0;
0.0736207;0.0667029;-1;0;
0.074131;0.0666777;-1;0;
0.0746449;0.0666521;-1;0;
0.0751623;0.0666262;-1;0;
0.0756833;0.0665999;-1;0;
0.0762079;0.0665733;-1;0;
0.0767361;0.0665463;-1;0;
0.0772681;0.0665189;-1;0;
0.0778037;0.0664912;-1;0;
0.078343;0.066463;-1;0;
0.078886;0.0664346;-1;0;
0.0794328;0.0664057;-1;0;
0.0799834;0.0663764;-1;0;
0.0805378;0.0663467;-1;0;
0.0810961;0.0663167;-1;0;
0.0816582;0.0662862;-1;0;
0.0822243;0.0662553;-1;0;
0.0827942;0.066224;-1;0;
0.0833681;0.0661923;-1;0;
0.083946;0.0661601;-1;0;
0.0845279;0.0661275;-1;0;
0.0851138;0.0660945;-1;0;
0.0857038;0.066061;-1;0;
0.0862979;0.0660271;-1;0;
0.086896;0.0659927;-1;0;
0.0874984;0.0659579;-1;0;
0.0881049;0.0659226;-1;0;
0.0887156;0.0658868;-1;0;
0.0893305;0.0658505;-1;0;
0.0899498;0.0658138;-1;0;
0.0905733;0.0657765;-1;0;
0.0912011;0.0657388;-1;0;
0.0918333;0.0657005;-1;0;
0.0924698;0.0656618;-1;0;
0.0931108;0.0656225;-1;0;
0.0937562;0.0655827;-1;0;
0.0944061;0.0655423;-1;0;
0.0950605;0.0655015;-1;0;
0.0957194;0.06546;-1;0;
0.0963829;0.0654181;-1;0;
0.097051;0.0653755;-1;0;
0.0977237;0.0653324;-1;0;
0.0984011;0.0652887;-1;0;
0.0990832;0.0652444;-1;0;
0.09977;0.0651996;-1;0;
0.100462;0.0651541;-1;0;
0.101158;0.0651081;-1;0;
0.101859;0.0650614;-1;0;
0.102565;0.0650141;-1;0;
0.103276;0.0649662;-1;0;
0.103992;0.0649176;-1;0;
0.104713;0.0648685;-1;0;
0.105439;0.0648186;-1;0;
0.10617;0.0647681;-1;0;
0.106905;0.0647169;-1;0;
0.107647;0.0646651;-1;0;
0.108393;0.0646125;-1;0;
0.109144;0.0645593;-1;0;
0.109901;0.0645054;-1;0;
0.110662;0.0644507;-1;0;
0.111429;0.0643953;-1;0;
0.112202;0.0643392;-1;0;
0.11298;0.0642824;-1;0;
0.113763;0.0642248;-1;0;
0.114551;0.0641665;-1;0;
0.115345;0.0641074;-1;0;
0.116145;0.0640475;-1;0;
0.11695;0.0639869;-1;0;
0.117761;0.0639254;-1;0;
0.118577;0.0638632;-1;0;
0.119399;0.0638001;-1;0;
0.120226;0.0637362;-1;0;
0.12106;0.0636715;-1;0;
0.121899;0.0636059;-1;0;
0.122744;0.0635395;-1;0;
0.123595;0.0634722;-1;0;
0.124451;0.063404;-1;0;
0.125314;0.063335;-1;0;
0.126183;0.0632651;-1;0;
0.127057;0.0631942;-1;0;
0.127938;0.0631225;-1;0;
0.128825;0.0630498;-1;0;
0.129718;0.0629761;-1;0;
0.130617;0.0629016;-1;0;
0.131522;0.062826;-1;0;
0.132434;0.0627495;-1;0;
0.133352;0.062672;-1;0;
0.134276;0.0625936;-1;0;
0.135207;0.0625141;-1;0;
0.136144;0.0624336;-1;0;
0.137088;0.062352;-1;0;
0.138038;0.0622695;-1;0;
0.138995;0.0621858;-1;0;
0.139959;0.0621011;-1;0;
0.140929;0.0620154;-1;0;
0.141906;0.0619285;-1;0;
0.142889;0.0618405;-1;0;
0.14388;0.0617515;-1;0;
0.144877;0.0616612;-1;0;
0.145881;0.0615699;-1;0;
0.146893;0.0614774;-1;0;
0.147911;0.0613837;-1;0;
0.148936;0.0612889;-1;0;
0.149968;0.0611929;-1;0;
0.151008;0.0610956;-1;0;
0.152055;0.0609972;-1;0;
0.153109;0.0608975;-1;0;
0.15417;0.0607965;-1;0;
0.155239;0.0606943;-1;0;
0.156315;0.0605909;-1;0;
0.157398;0.0604861;-1;0;
0.158489;0.0603801;-1;0;
0.159588;0.0602727;-1;0;
0.160694;0.060164;-1;0;
0.161808;0.060054;-1;0;
0.16293;0.0599426;-1;0;
0.164059;0.0598299;-1;0;
0.165196;0.0597157;-1;0;
0.166341;0.0596002;-1;0;
0.167494;0.0594832;-1;0;
0.168655;0.0593649;-1;0;
0.169824;0.0592451;-1;0;
0.171002;0.0591238;-1;0;
0.172187;0.059001;-1;0;
0.17338;0.0588768;-1;0;
0.174582;0.0587511;-1;0;
0.175792;0.0586238;-1;0;
0.177011;0.0584951;-1;0;
0.178238;0.0583648;-1;0;
0.179473;0.0582329;-1;0;
0.180717;0.0580994;-1;0;
0.18197;0.0579644;-1;0;
0.183231;0.0578277;-1;0;
0.184502;0.0576895;-1;0;
0.18578;0.0575496;-1;0;
0.187068;0.057408;-1;0;
0.188365;0.0572648;-1;0;
0.189671;0.0571199;-1;0;
0.190985;0.0569733;-1;0;
0.192309;0.056825;-1;0;
0.193642;0.0566749;-1;0;
0.194984;0.0565232;-1;0;
0.196336;0.0563696;-1;0;
0.197697;0.0562143;-1;0;
0.199067;0.0560572;-1;0;
0.200447;0.0558983;-1;0;
0.201837;0.0557376;-1;0;
0.203236;0.0555751;-1;0;
0.204644;0.0554107;-1;0;
0.206063;0.0552444;-1;0;
0.207491;0.0550763;-1;0;
0.20893;0.0549062;-1;0;
0.210378;0.0547343;-1;0;
0.211836;0.0545604;-1;0;
0.213304;0.0543846;-1;0;
0.214783;0.0542068;-1;0;
0.216272;0.0540271;-1;0;
0.217771;0.0538454;-1;0;
0.21928;0.0536617;-1;0;
0.2208;0.053476;-1;0;
0.222331;0.0532883;-1;0;
0.223872;0.0530985;-1;0;
0.225424;0.0529066;-1;0;
0.226986;0.0527127;-1;0;
0.22856;0.0525168;-1;0;
0.230144;0.0523187;-1;0;
0.231739;0.0521185;-1;0;
0.233346;0.0519162;-1;0;
0.234963;0.0517118;-1;0;
0.236592;0.0515052;-1;0;
0.238232;0.0512965;-1;0;
0.239883;0.0510856;-1;0;
0.241546;0.0508725;-1;0;
0.24322;0.0506573;-1;0;
0.244906;0.0504398;-1;0;
0.246604;0.0502201;-1;0;
0.248313;0.0499982;-1;0;
0.250035;0.049774;-1;0;
0.251768;0.0495476;-1;0;
0.253513;0.049319;-1;0;
0.25527;0.0490881;-1;0;
0.25704;0.0488549;-1;0;
0.258821;0.0486194;-1;0;
0.260615;0.0483816;-1;0;
0.262422;0.0481416;-1;0;
0.264241;0.0478992;-1;0;
0.266073;0.0476545;-1;0;
0.267917;0.0474075;-1;0;
0.269774;0.0471582;-1;0;
0.271644;0.0469065;-1;0;
0.273527;0.0466525;-1;0;
0.275423;0.0463962;-1;0;
0.277332;0.0461375;-1;0;
0.279254;0.0458765;-1;0;
0.28119;0.0456131;-1;0;
0.283139;0.0453473;-1;0;
0.285102;0.0450792;-1;0;
0.287078;0.0448088;-1;0;
0.289068;0.044536;-1;0;
0.291072;0.0442608;-1;0;
0.293089;0.0439832;-1;0;
0.295121;0.0437034;-1;0;
0.297167;0.0434211;-1;0;
0.299226;0.0431365;-1;0;
0.301301;0.0428496;-1;0;
0.303389;0.0425603;-1;0;
0.305492;0.0422687;-1;0;
0.30761;0.0419748;-1;0;
0.309742;0.0416785;-1;0;
0.311889;0.0413799;-1;0;
0.314051;0.041079;-1;0;
0.316228;0.0407758;-1;0;
0.31842;0.0404704;-1;0;
0.320627;0.0401626;-1;0;
0.322849;0.0398526;-1;0;
0.325087;0.0395404;-1;0;
0.327341;0.0392259;-1;0;
0.32961;0.0389092;-1;0;
0.331894;0.0385902;-1;0;
0.334195;0.0382692;-1;0;
0.336512;0.0379459;-1;0;
0.338844;0.0376205;-1;0;
0.341193;0.037293;-1;0;
0.343558;0.0369633;-1;0;
0.345939;0.0366316;-1;0;
0.348337;0.0362979;-1;0;
0.350752;0.0359621;-1;0;
0.353183;0.0356243;-1;0;
0.355631;0.0352846;-1;0;
0.358096;0.0349429;-1;0;
0.360579;0.0345993;-1;0;
0.363078;0.0342538;-1;0;
0.365595;0.0339065;-1;0;
0.368129;0.0335573;-1;0;
0.370681;0.0332064;-1;0;
0.37325;0.0328538;-1;0;
0.375837;0.0324995;-1;0;
0.378443;0.0321435;-1;0;
0.381066;0.0317859;-1;0;
0.383707;0.0314268;-1;0;
0.386367;0.0310661;-1;0;
0.389045;0.0307039;-1;0;
0.391742;0.0303404;-1;0;
0.394457;0.0299754;-1;0;
0.397192;0.0296092;-1;0;
0.399945;0.0292416;-1;0;
0.402717;0.0288729;-1;0;
0.405509;0.028503;-1;0;
0.408319;0.028132;-1;0;
0.41115;0.02776;-1;0;
0.414;0.0273869;-1;0;
0.416869;0.027013;-1;0;
0.419759;0.0266382;-1;0;
0.422669;0.0262627;-1;0;
0.425598;0.0258864;-1;0;
0.428549;0.0255095;-1;0;
0.431519;0.025132;-1;0;
0.43451;0.0247541;-1;0;
0.437522;0.0243757;-1;0;
0.440555;0.0239969;-1;0;
0.443609;0.0236179;-1;0;
0.446684;0.0232387;-1;0;
0.44978;0.0228594;-1;0;
0.452898;0.02248;-1;0;
0.456037;0.0221007;-1;0;
0.459198;0.0217216;-1;0;
0.462381;0.0213427;-1;0;
0.465586;0.0209641;-1;0;
0.468813;0.020586;-1;0;
0.472063;0.0202083;-1;0;
0.475335;0.0198313;-1;0;
0.47863;0.0194549;-1;0;
0.481948;0.0190793;-1;0;
0.485289;0.0187046;-1;0;
0.488652;0.018331;-1;0;
0.49204;0.0179584;-1;0;
0.49545;0.0175869;-1;0;
0.498884;0.0172168;-1;0;
0.502343;0.0168481;-1;0;
0.505825;0.0164809;-1;0;
0.509331;0.0161153;-1;0;
0.512861;0.0157513;-1;0;
0.516416;0.0153893;-1;0;
0.519996;0.0150291;-1;0;
0.5236;0.014671;-1;0;
0.52723;0.014315;-1;0;
0.530884;0.0139613;-1;0;
0.534564;0.01361;-1;0;
0.53827;0.0132611;-1;0;
0.542001;0.0129149;-1;0;
0.545758;0.0125713;-1;0;
0.549541;0.0122305;-1;0;
0.55335;0.0118927;-1;0;
0.557186;0.0115579;-1;0;
0.561048;0.0112263;-1;0;
0.564937;0.0108979;-1;0;
0.568853;0.0105729;-1;0;
0.572796;0.0102514;-1;0;
0.576766;0.00993343;-1;0;
0.580764;0.00961919;-1;0;
0.58479;0.00930875;-1;0;
0.588844;0.00900221;-1;0;
0.592925;0.0086997;-1;0;
0.597035;0.0084013;-1;0;
0.601174;0.00810712;-1;0;
0.605341;0.00781727;-1;0;
0.609537;0.00753183;-1;0;
0.613762;0.00725091;-1;0;
0.618016;0.0069746;-1;0;
0.6223;0.00670299;-1;0;
0.626614;0.00643618;-1;0;
0.630957;0.00617424;-1;0;
0.635331;0.00591727;-1;0;
0.639735;0.00566535;-1;0;
0.644169;0.00541855;-1;0;
0.648634;0.00517694;-1;0;
0.653131;0.00494061;-1;0;
0.657658;0.00470962;-1;0;
0.662217;0.00448404;-1;0;
0.666807;0.00426392;-1;0;
0.671429;0.00404932;-1;0;
0.676083;0.00384029;-1;0;
0.680769;0.00363689;-1;0;
0.685488;0.00343915;-1;0;
0.69024;0.00324712;-1;0;
0.695024;0.00306083;-1;0;
0.699842;0.0028803;-1;0;
0.704693;0.00270557;-1;0;
0.709578;0.00253665;-1;0;
0.714496;0.00237355;-1;0;
0.719449;0.00221629;-1;0;
0.724436;0.00206486;-1;0;
0.729458;0.00191926;-1;0;
0.734514;0.00177949;-1;0;
0.739605;0.00164553;-1;0;
0.744732;0.00151735;-1;0;
0.749894;0.00139493;-1;0;
0.755092;0.00127825;-1;0;
0.760326;0.00116725;-1;0;
0.765597;0.00106189;-1;0;
0.770903;0.000962129;-1;0;
0.776247;0.000867898;-1;0;
0.781628;0.000779137;-1;0;
0.787046;0.000695775;-1;0;
0.792501;0.000617734;-1;0;
0.797995;0.000544933;-1;0;
0.803526;0.000477281;-1;0;
0.809096;0.000414684;-1;0;
0.814704;0.000357039;-1;0;
0.820352;0.00030424;-1;0;
0.826038;0.000256174;-1;0;
0.831764;0.000212722;-1;0;
0.837529;0.000173758;-1;0;
0.843335;0.000139154;-1;0;
0.84918;0.000108775;-1;0;
0.855067;8.24792e-05;-1;0;
0.860994;6.01231e-05;-1;0;
0.866962;4.15569e-05;-1;0;
0.872971;2.66268e-05;-1;0;
0.879023;1.5175e-05;-1;0;
0.885116;7.03993e-06;-1;0;
0.891251;2.05662e-06;-1;0;
0.897429;5.69128e-08;-1;0;
0.903649;8.69872e-07;-1;0;
0.909913;4.32215e-06;-1;0;
0.91622;1.02384e-05;-1;0;
0.922571;1.84414e-05;-1;0;
0.928966;2.8753e-05;-1;0;
0.935406;4.09939e-05;-1;0;
0.94189;5.49847e-05;-1;0;
0.948418;7.05456e-05;-1;0;
0.954993;8.74976e-05;-1;0;
0.961612;0.000105663;-1;0;
0.968278;0.000124864;-1;0;
0.97499;0.000144926;-1;0;
0.981748;0.000165678;-1;0;
0.988553;0.000186948;-1;0;
0.995405;0.000208571;-1;0;
1.00231;0.000230385;-1;0;
1.00925;0.00025223;-1;0;
1.01625;0.000273954;-1;0;
1.02329;0.000295408;-1;0;
1.03039;0.000316449;-1;0;
1.03753;0.000336942;-1;0;
1.04472;0.000356755;-1;0;
1.05196;0.000375767;-1;0;
1.05925;0.000393861;-1;0;
1.0666;0.00041093;-1;0;
1.07399;0.000426874;-1;0;
1.08143;0.000441602;-1;0;
1.08893;0.000455032;-1;0;
1.09648;0.000467089;-1;0;
1.10408;0.00047771;-1;0;
1.11173;0.00048684;-1;0;
1.11944;0.000494434;-1;0;
1.1272;0.000500456;-1;0;
1.13501;0.00050488;-1;0;
1.14288;0.000507692;-1;0;
1.1508;0.000508885;-1;0;
1.15878;0.000508463;-1;0;
1.16681;0.000506439;-1;0;
1.1749;0.000502838;-1;0;
1.18304;0.000497691;-1;0;
1.19124;0.000491041;-1;0;
1.1995;0.000482937;-1;0;
1.20781;0.000473439;-1;0;
1.21619;0.000462614;-1;0;
1.22462;0.000450537;-1;0;
1.2331;0.000437289;-1;0;
1.24165;0.000422959;-1;0;
1.25026;0.000407642;-1;0;
1.25893;0.000391438;-1;0;
1.26765;0.00037445;-1;0;
1.27644;0.000356788;-1;0;
1.28529;0.000338564;-1;0;
1.2942;0.000319892;-1;0;
1.30317;0.000300888;-1;0;
1.3122;0.00028167;-1;0;
1.3213;0.000262354;-1;0;
1.33045;0.000243058;-1;0;
1.33968;0.000223896;-1;0;
1.34896;0.000204981;-1;0;
1.35831;0.000186423;-1;0;
1.36773;0.000168326;-1;0;
1.37721;0.000150791;-1;0;
1.38676;0.000133914;-1;0;
1.39637;0.000117783;-1;0;
1.40605;0.00010248;-1;0;
1.41579;8.80786e-05;-1;0;
1.42561;7.46451e-05;-1;0;
1.43549;6.22367e-05;-1;0;
1.44544;5.09014e-05;-1;0;
1.45546;4.06776e-05;-1;0;
1.46555;3.1594e-05;-1;0;
1.47571;2.36691e-05;-1;0;
1.48594;1.69112e-05;-1;0;
1.49624;1.13183e-05;-1;0;
1.50661;6.87849e-06;-1;0;
1.51705;3.56941e-06;-1;0;
1.52757;1.3591e-06;-1;0;
1.53815;2.06071e-07;-1;0;
1.54882;5.98125e-08;-1;0;
1.55955;8.61293e-07;-1;0;
1.57036;2.54359e-06;-1;0;
1.58125;5.0326e-06;-1;0;
1.59221;8.24782e-06;-1;0;
1.60325;1.21032e-05;-1;0;
1.61436;1.65082e-05;-1;0;
1.62555;2.13684e-05;-1;0;
1.63682;2.65872e-05;-1;0;
1.64816;3.20661e-05;-1;0;
1.65959;3.77065e-05;-1;0;
1.67109;4.34105e-05;-1;0;
1.68267;4.90821e-05;-1;0;
1.69434;5.4628e-05;-1;0;
1.70608;5.99594e-05;-1;0;
1.71791;6.49924e-05;-1;0;
1.72982;6.96492e-05;-1;0;
1.74181;7.38591e-05;-1;0;
1.75388;7.75593e-05;-1;0;
1.76604;8.06958e-05;-1;0;
1.77828;8.32238e-05;-1;0;
1.79061;8.51082e-05;-1;0;
1.80302;8.63245e-05;-1;0;
1.81552;8.68584e-05;-1;0;
1.8281;8.67064e-05;-1;0;
1.84077;8.58755e-05;-1;0;
1.85353;8.43833e-05;-1;0;
1.86638;8.22574e-05;-1;0;
1.87932;7.95348e-05;-1;0;
1.89234;7.62619e-05;-1;0;
1.90546;7.24929e-05;-1;0;
1.91867;6.82895e-05;-1;0;
1.93197;6.37195e-05;-1;0;
1.94536;5.8856e-05;-1;0;
1.95884;5.37756e-05;-1;0;
1.97242;4.85578e-05;-1;0;
1.98609;4.32832e-05;-1;0;
1.99986;3.8032e-05;-1;0;
2.01372;3.28829e-05;-1;0;
2.02768;2.79117e-05;-1;0;
2.04174;2.31897e-05;-1;0;
2.05589;1.87825e-05;-1;0;
2.07014;1.47492e-05;-1;0;
2.08449;1.11406e-05;-1;0;
2.09894;7.99891e-06;-1;0;
2.11349;5.35677e-06;-1;0;
2.12814;3.23658e-06;-1;0;
2.14289;1.65017e-06;-1;0;
2.15774;5.98653e-07;-1;0;
2.1727;7.24131e-08;-1;0;
2.18776;5.1382e-08;-1;0;
2.20293;5.05512e-07;-1;0;
2.2182;1.39547e-06;-1;0;
2.23357;2.67353e-06;-1;0;
2.24905;4.28469e-06;-1;0;
2.26464;6.16789e-06;-1;0;
2.28034;8.25745e-06;-1;0;
2.29615;1.04846e-05;-1;0;
2.31206;1.27791e-05;-1;0;
2.32809;1.50708e-05;-1;0;
2.34423;1.72915e-05;-1;0;
2.36048;1.93764e-05;-1;0;
2.37684;2.12657e-05;-1;0;
2.39332;2.29062e-05;-1;0;
2.40991;2.42525e-05;-1;0;
2.42661;2.5268e-05;-1;0;
2.44343;2.59259e-05;-1;0;
2.46037;2.62099e-05;-1;0;
2.47742;2.61146e-05;-1;0;
2.49459;2.56451e-05;-1;0;
2.51189;2.48175e-05;-1;0;
2.5293;2.36579e-05;-1;0;
2.54683;2.22017e-05;-1;0;
2.56448;2.04924e-05;-1;0;
2.58226;1.85805e-05;-1;0;
2.60016;1.65217e-05;-1;0;
2.61818;1.43754e-05;-1;0;
2.63633;1.22027e-05;-1;0;
2.65461;1.00645e-05;-1;0;
2.67301;8.01965e-06;-1;0;
2.69153;6.1229e-06;-1;0;
2.71019;4.4234e-06;-1;0;
2.72898;2.96296e-06;-1;0;
2.74789;1.77469e-06;-1;0;
2.76694;8.81998e-07;-1;0;
2.78612;2.97795e-07;-1;0;
2.80543;2.4132e-08;-1;0;
2.82488;5.21867e-08;-1;0;
2.84446;3.62648e-07;-1;0;
2.86418;9.26481e-07;-1;0;
2.88403;1.70606e-06;-1;0;
2.90402;2.65661e-06;-1;0;
2.92415;3.72799e-06;-1;0;
2.94442;4.86658e-06;-1;0;
2.96483;6.01747e-06;-1;0;
2.98538;7.12658e-06;-1;0;
3.00608;8.14282e-06;-1;0;
3.02691;9.02021e-06;-1;0;
3.04789;9.71963e-06;-1;0;
3.06902;1.02105e-05;-1;0;
3.0903;1.0472e-05;-1;0;
3.11172;1.04938e-05;-1;0;
3.13329;1.02766e-05;-1;0;
3.155;9.83194e-06;-1;0;
3.17687;9.18145e-06;-1;0;
3.1989;8.35606e-06;-1;0;
3.22107;7.39433e-06;-1;0;
3.2434;6.34065e-06;-1;0;
3.26588;5.24303e-06;-1;0;
3.28852;4.15081e-06;-1;0;
3.31131;3.11218e-06;-1;0;
3.33426;2.17185e-06;-1;0;
3.35738;1.36878e-06;-1;0;
3.38065;7.34208e-07;-1;0;
3.40408;2.90148e-07;-1;0;
3.42768;4.82345e-08;-1;0;
3.45144;9.19614e-09;-1;0;
3.47536;1.62883e-07;-1;0;
3.49945;4.88895e-07;-1;0;
3.52371;9.57779e-07;-1;0;
3.54813;1.53275e-06;-1;0;
3.57273;2.17184e-06;-1;0;
3.59749;2.83036e-06;-1;0;
3.62243;3.46353e-06;-1;0;
3.64754;4.02917e-06;-1;0;
3.67282;4.4902e-06;-1;0;
3.69828;4.81688e-06;-1;0;
3.72392;4.98861e-06;-1;0;
3.74973;4.99515e-06;-1;0;
3.77572;4.83721e-06;-1;0;
3.80189;4.52632e-06;-1;0;
3.82825;4.08397e-06;-1;0;
3.85478;3.54014e-06;-1;0;
3.8815;2.93119e-06;-1;0;
3.90841;2.29732e-06;-1;0;
3.9355;1.67975e-06;-1;0;
3.96278;1.1178e-06;-1;0;
3.99025;6.46107e-07;-1;0;
4.01791;2.92115e-07;-1;0;
4.04576;7.41323e-08;-1;0;
4.0738;1.87315e-11;-1;0;
4.10204;6.6664e-08;-1;0;
4.13048;2.60302e-07;-1;0;
4.15911;5.57655e-07;-1;0;
4.18794;9.2783e-07;-1;0;
4.21697;1.33484e-06;-1;0;
4.2462;1.74057e-06;-1;0;
4.27563;2.10787e-06;-1;0;
4.30527;2.40371e-06;-1;0;
4.33511;2.6019e-06;-1;0;
4.36516;2.68526e-06;-1;0;
4.39542;2.6471e-06;-1;0;
4.42588;2.49167e-06;-1;0;
4.45656;2.23376e-06;-1;0;
4.48745;1.89723e-06;-1;0;
4.51856;1.51278e-06;-1;0;
4.54988;1.11502e-06;-1;0;
4.58142;7.39186e-07;-1;0;
4.61318;4.17766e-07;-1;0;
4.64515;1.77343e-07;-1;0;
4.67735;3.60318e-08;-1;0;
4.70977;1.73178e-09;-1;0;
4.74242;7.13968e-08;-1;0;
4.77529;2.31427e-07;-1;0;
4.80839;4.59161e-07;-1;0;
4.84172;7.25327e-07;-1;0;
4.87528;9.97223e-07;-1;0;
4.90908;1.24229e-06;-1;0;
4.94311;1.43167e-06;-1;0;
4.97737;1.54344e-06;-1;0;
5.01187;1.56496e-06;-1;0;
5.04661;1.49434e-06;-1;0;
5.08159;1.34051e-06;-1;0;
5.11682;1.12211e-06;-1;0;
5.15229;8.6519e-07;-1;0;
5.188;6.00003e-07;-1;0;
5.22396;3.57238e-07;-1;0;
5.26017;1.64207e-07;-1;0;
5.29663;4.14189e-08;-1;0;
5.33335;5.80813e-13;-1;0;
5.37032;4.03245e-08;-1;0;
5.40754;1.52038e-07;-1;0;
5.44503;3.15524e-07;-1;0;
5.48277;5.04623e-07;-1;0;
5.52077;6.90268e-07;-1;0;
5.55904;8.44546e-07;-1;0;
5.59758;9.44623e-07;-1;0;
5.63638;9.75967e-07;-1;0;
5.67545;9.34387e-07;-1;0;
5.71479;8.2657e-07;-1;0;
5.7544;6.68997e-07;-1;0;
5.79429;4.85382e-07;-1;0;
5.83445;3.02983e-07;-1;0;
5.87489;1.4834e-07;-1;0;
5.91562;4.3108e-08;-1;0;
5.95662;6.35519e-10;-1;0;
5.99791;2.387e-08;-1;0;
6.03949;1.04954e-07;-1;0;
6.08135;2.26614e-07;-1;0;
6.1235;3.65142e-07;-1;0;
6.16595;4.94497e-07;-1;0;
6.20869;5.90831e-07;-1;0;
6.25173;6.36658e-07;-1;0;
6.29506;6.23915e-07;-1;0;
6.3387;5.55341e-07;-1;0;
6.38263;4.43893e-07;-1;0;
6.42688;3.10257e-07;-1;0;
6.47143;1.78898e-07;-1;0;
6.51628;7.33634e-08;-1;0;
6.56145;1.17433e-08;-1;0;
6.60693;3.16485e-09;-1;0;
6.65273;4.60523e-08;-1;0;
6.69885;1.28528e-07;-1;0;
6.74528;2.30919e-07;-1;0;
6.79204;3.29887e-07;-1;0;
6.83912;4.03353e-07;-1;0;
6.88652;4.35179e-07;-1;0;
6.93426;4.186e-07;-1;0;
6.98232;3.57619e-07;-1;0;
7.03072;2.66038e-07;-1;0;
7.07946;1.64276e-07;-1;0;
7.12853;7.46642e-08;-1;0;
7.17794;1.62822e-08;-1;0;
7.2277;5.17968e-10;-1;0;
7.2778;2.8432e-08;-1;0;
7.32825;9.05864e-08;-1;0;
7.37904;1.6943e-07;-1;0;
7.43019;2.43699e-07;-1;0;
7.4817;2.93768e-07;-1;0;
7.53356;3.06617e-07;-1;0;
7.58578;2.79122e-07;-1;0;
7.63836;2.18789e-07;-1;0;
7.6913;1.41674e-07;-1;0;
7.74462;6.80154e-08;-1;0;
7.7983;1.67009e-08;-1;0;
7.85236;7.80803e-11;-1;0;
7.90679;2.05665e-08;-1;0;
7.96159;7.00568e-08;-1;0;
8.01678;1.32324e-07;-1;0;
8.07235;1.8781e-07;-1;0;
8.12831;2.19411e-07;-1;0;
8.18465;2.17561e-07;-1;0;
8.24138;1.83058e-07;-1;0;
8.29851;1.2673e-07;-1;0;
8.35603;6.59844e-08;-1;0;
8.41395;1.92598e-08;-1;0;
8.47227;1.3485e-10;-1;0;
8.531;1.2973e-08;-1;0;
8.59014;5.15726e-08;-1;0;
8.64968;1.01321e-07;-1;0;
8.70964;1.44193e-07;-1;0;
8.77001;1.64935e-07;-1;0;
8.8308;1.5632e-07;-1;0;
8.89201;1.21612e-07;-1;0;
8.95365;7.33085e-08;-1;0;
9.01571;2.85528e-08;-1;0;
9.07821;2.83252e-09;-1;0;
9.14113;4.26001e-09;-1;0;
9.2045;3.05958e-08;-1;0;
9.2683;7.01942e-08;-1;0;
9.33254;1.06576e-07;-1;0;
9.39723;1.24909e-07;-1;0;
9.46237;1.1786e-07;-1;0;
9.52796;8.84659e-08;-1;0;
9.59401;4.88055e-08;-1;0;
9.66051;1.49349e-08;-1;0;
9.72747;1.4901e-10;-1;0;
9.7949;9.38206e-09;-1;0;
9.86279;3.71708e-08;-1;0;
9.93116;7.01263e-08;-1;0;
10;9.2904e-08;-1;0;

