0.1;65471.7;-1;0;
0.100462;65415.2;-1;0;
0.100925;65358.3;-1;0;
0.101391;65300.9;-1;0;
0.101859;65242.9;-1;0;
0.102329;65184.5;-1;0;
0.102802;65125.6;-1;0;
0.103276;65066.2;-1;0;
0.103753;65006.3;-1;0;
0.104232;64945.9;-1;0;
0.104713;64885;-1;0;
0.105196;64823.6;-1;0;
0.105682;64761.6;-1;0;
0.10617;64699.2;-1;0;
0.10666;64636.2;-1;0;
0.107152;64572.6;-1;0;
0.107647;64508.6;-1;0;
0.108143;64444;-1;0;
0.108643;64378.8;-1;0;
0.109144;64313.1;-1;0;
0.109648;64246.9;-1;0;
0.110154;64180.1;-1;0;
0.110662;64112.8;-1;0;
0.111173;64044.9;-1;0;
0.111686;63976.4;-1;0;
0.112202;63907.3;-1;0;
0.11272;63837.7;-1;0;
0.11324;63767.5;-1;0;
0.113763;63696.7;-1;0;
0.114288;63625.3;-1;0;
0.114815;63553.4;-1;0;
0.115345;63480.8;-1;0;
0.115878;63407.7;-1;0;
0.116413;63333.9;-1;0;
0.11695;63259.5;-1;0;
0.11749;63184.5;-1;0;
0.118032;63108.9;-1;0;
0.118577;63032.7;-1;0;
0.119124;62955.9;-1;0;
0.119674;62878.4;-1;0;
0.120226;62800.3;-1;0;
0.120781;62721.5;-1;0;
0.121339;62642.1;-1;0;
0.121899;62562.1;-1;0;
0.122462;62481.4;-1;0;
0.123027;62400.1;-1;0;
0.123595;62318;-1;0;
0.124165;62235.4;-1;0;
0.124738;62152;-1;0;
0.125314;62068;-1;0;
0.125893;61983.3;-1;0;
0.126474;61897.9;-1;0;
0.127057;61811.8;-1;0;
0.127644;61725.1;-1;0;
0.128233;61637.6;-1;0;
0.128825;61549.4;-1;0;
0.12942;61460.5;-1;0;
0.130017;61371;-1;0;
0.130617;61280.7;-1;0;
0.13122;61189.6;-1;0;
0.131826;61097.9;-1;0;
0.132434;61005.4;-1;0;
0.133045;60912.2;-1;0;
0.13366;60818.2;-1;0;
0.134276;60723.5;-1;0;
0.134896;60628.1;-1;0;
0.135519;60531.9;-1;0;
0.136144;60434.9;-1;0;
0.136773;60337.2;-1;0;
0.137404;60238.7;-1;0;
0.138038;60139.4;-1;0;
0.138676;60039.4;-1;0;
0.139316;59938.6;-1;0;
0.139959;59837;-1;0;
0.140605;59734.6;-1;0;
0.141254;59631.4;-1;0;
0.141906;59527.4;-1;0;
0.142561;59422.6;-1;0;
0.143219;59316.9;-1;0;
0.14388;59210.5;-1;0;
0.144544;59103.3;-1;0;
0.145211;58995.2;-1;0;
0.145881;58886.3;-1;0;
0.146555;58776.5;-1;0;
0.147231;58666;-1;0;
0.147911;58554.5;-1;0;
0.148594;58442.3;-1;0;
0.149279;58329.1;-1;0;
0.149968;58215.2;-1;0;
0.150661;58100.3;-1;0;
0.151356;57984.6;-1;0;
0.152055;57868;-1;0;
0.152757;57750.6;-1;0;
0.153462;57632.2;-1;0;
0.15417;57513;-1;0;
0.154882;57392.9;-1;0;
0.155597;57271.9;-1;0;
0.156315;57149.9;-1;0;
0.157036;57027.1;-1;0;
0.157761;56903.4;-1;0;
0.158489;56778.8;-1;0;
0.159221;56653.2;-1;0;
0.159956;56526.7;-1;0;
0.160694;56399.3;-1;0;
0.161436;56271;-1;0;
0.162181;56141.7;-1;0;
0.16293;56011.5;-1;0;
0.163682;55880.3;-1;0;
0.164437;55748.2;-1;0;
0.165196;55615.1;-1;0;
0.165959;55481.1;-1;0;
0.166725;55346.1;-1;0;
0.167494;55210.2;-1;0;
0.168267;55073.3;-1;0;
0.169044;54935.4;-1;0;
0.169824;54796.5;-1;0;
0.170608;54656.6;-1;0;
0.171396;54515.8;-1;0;
0.172187;54374;-1;0;
0.172982;54231.1;-1;0;
0.17378;54087.3;-1;0;
0.174582;53942.5;-1;0;
0.175388;53796.7;-1;0;
0.176198;53649.8;-1;0;
0.177011;53502;-1;0;
0.177828;53353.1;-1;0;
0.178649;53203.2;-1;0;
0.179473;53052.3;-1;0;
0.180302;52900.3;-1;0;
0.181134;52747.3;-1;0;
0.18197;52593.3;-1;0;
0.18281;52438.3;-1;0;
0.183654;52282.2;-1;0;
0.184502;52125;-1;0;
0.185353;51966.8;-1;0;
0.186209;51807.6;-1;0;
0.187068;51647.3;-1;0;
0.187932;51485.9;-1;0;
0.188799;51323.5;-1;0;
0.189671;51160.1;-1;0;
0.190546;50995.5;-1;0;
0.191426;50829.9;-1;0;
0.192309;50663.2;-1;0;
0.193197;50495.5;-1;0;
0.194089;50326.7;-1;0;
0.194984;50156.8;-1;0;
0.195884;49985.8;-1;0;
0.196789;49813.7;-1;0;
0.197697;49640.6;-1;0;
0.198609;49466.4;-1;0;
0.199526;49291.1;-1;0;
0.200447;49114.7;-1;0;
0.201372;48937.2;-1;0;
0.202302;48758.6;-1;0;
0.203236;48578.9;-1;0;
0.204174;48398.1;-1;0;
0.205116;48216.3;-1;0;
0.206063;48033.3;-1;0;
0.207014;47849.3;-1;0;
0.20797;47664.1;-1;0;
0.20893;47477.8;-1;0;
0.209894;47290.5;-1;0;
0.210863;47102;-1;0;
0.211836;46912.5;-1;0;
0.212814;46721.8;-1;0;
0.213796;46530.1;-1;0;
0.214783;46337.2;-1;0;
0.215774;46143.3;-1;0;
0.21677;45948.3;-1;0;
0.217771;45752.1;-1;0;
0.218776;45554.9;-1;0;
0.219786;45356.5;-1;0;
0.2208;45157.1;-1;0;
0.22182;44956.6;-1;0;
0.222844;44755;-1;0;
0.223872;44552.3;-1;0;
0.224905;44348.5;-1;0;
0.225944;44143.6;-1;0;
0.226986;43937.6;-1;0;
0.228034;43730.6;-1;0;
0.229087;43522.5;-1;0;
0.230144;43313.3;-1;0;
0.231206;43103;-1;0;
0.232274;42891.6;-1;0;
0.233346;42679.2;-1;0;
0.234423;42465.7;-1;0;
0.235505;42251.2;-1;0;
0.236592;42035.6;-1;0;
0.237684;41818.9;-1;0;
0.238781;41601.2;-1;0;
0.239883;41382.5;-1;0;
0.240991;41162.7;-1;0;
0.242103;40941.9;-1;0;
0.24322;40720.1;-1;0;
0.244343;40497.2;-1;0;
0.245471;40273.3;-1;0;
0.246604;40048.4;-1;0;
0.247742;39822.5;-1;0;
0.248886;39595.6;-1;0;
0.250035;39367.7;-1;0;
0.251189;39138.8;-1;0;
0.252348;38908.9;-1;0;
0.253513;38678.1;-1;0;
0.254683;38446.3;-1;0;
0.255859;38213.5;-1;0;
0.25704;37979.8;-1;0;
0.258226;37745.2;-1;0;
0.259418;37509.6;-1;0;
0.260615;37273.1;-1;0;
0.261818;37035.6;-1;0;
0.263027;36797.3;-1;0;
0.264241;36558.1;-1;0;
0.265461;36318;-1;0;
0.266686;36077;-1;0;
0.267917;35835.1;-1;0;
0.269153;35592.5;-1;0;
0.270396;35348.9;-1;0;
0.271644;35104.5;-1;0;
0.272898;34859.3;-1;0;
0.274157;34613.3;-1;0;
0.275423;34366.5;-1;0;
0.276694;34119;-1;0;
0.277971;33870.6;-1;0;
0.279254;33621.5;-1;0;
0.280543;33371.7;-1;0;
0.281838;33121.1;-1;0;
0.283139;32869.8;-1;0;
0.284446;32617.8;-1;0;
0.285759;32365.2;-1;0;
0.287078;32111.8;-1;0;
0.288403;31857.8;-1;0;
0.289734;31603.2;-1;0;
0.291072;31348;-1;0;
0.292415;31092.1;-1;0;
0.293765;30835.7;-1;0;
0.295121;30578.6;-1;0;
0.296483;30321.1;-1;0;
0.297852;30063;-1;0;
0.299226;29804.3;-1;0;
0.300608;29545.2;-1;0;
0.301995;29285.6;-1;0;
0.303389;29025.6;-1;0;
0.304789;28765.1;-1;0;
0.306196;28504.1;-1;0;
0.30761;28242.8;-1;0;
0.30903;27981.1;-1;0;
0.310456;27719;-1;0;
0.311889;27456.6;-1;0;
0.313329;27193.9;-1;0;
0.314775;26930.9;-1;0;
0.316228;26667.6;-1;0;
0.317687;26404.1;-1;0;
0.319154;26140.4;-1;0;
0.320627;25876.4;-1;0;
0.322107;25612.3;-1;0;
0.323594;25348;-1;0;
0.325087;25083.6;-1;0;
0.326588;24819.1;-1;0;
0.328095;24554.5;-1;0;
0.32961;24289.9;-1;0;
0.331131;24025.2;-1;0;
0.33266;23760.6;-1;0;
0.334195;23495.9;-1;0;
0.335738;23231.3;-1;0;
0.337287;22966.8;-1;0;
0.338844;22702.5;-1;0;
0.340408;22438.2;-1;0;
0.341979;22174.1;-1;0;
0.343558;21910.2;-1;0;
0.345144;21646.6;-1;0;
0.346737;21383.2;-1;0;
0.348337;21120;-1;0;
0.349945;20857.2;-1;0;
0.35156;20594.8;-1;0;
0.353183;20332.7;-1;0;
0.354813;20071;-1;0;
0.356451;19809.7;-1;0;
0.358096;19548.9;-1;0;
0.359749;19288.7;-1;0;
0.36141;19028.9;-1;0;
0.363078;18769.7;-1;0;
0.364754;18511.1;-1;0;
0.366438;18253.2;-1;0;
0.368129;17995.9;-1;0;
0.369828;17739.3;-1;0;
0.371535;17483.4;-1;0;
0.37325;17228.3;-1;0;
0.374973;16974;-1;0;
0.376704;16720.5;-1;0;
0.378443;16467.9;-1;0;
0.380189;16216.2;-1;0;
0.381944;15965.5;-1;0;
0.383707;15715.7;-1;0;
0.385478;15466.9;-1;0;
0.387258;15219.2;-1;0;
0.389045;14972.5;-1;0;
0.390841;14727;-1;0;
0.392645;14482.6;-1;0;
0.394457;14239.4;-1;0;
0.396278;13997.4;-1;0;
0.398107;13756.6;-1;0;
0.399945;13517.2;-1;0;
0.401791;13279.1;-1;0;
0.403645;13042.4;-1;0;
0.405509;12807;-1;0;
0.40738;12573.1;-1;0;
0.409261;12340.7;-1;0;
0.41115;12109.8;-1;0;
0.413048;11880.4;-1;0;
0.414954;11652.6;-1;0;
0.416869;11426.5;-1;0;
0.418794;11202;-1;0;
0.420727;10979.2;-1;0;
0.422669;10758.1;-1;0;
0.42462;10538.8;-1;0;
0.42658;10321.3;-1;0;
0.428549;10105.6;-1;0;
0.430527;9891.77;-1;0;
0.432514;9679.87;-1;0;
0.43451;9469.9;-1;0;
0.436516;9261.91;-1;0;
0.438531;9055.92;-1;0;
0.440555;8851.98;-1;0;
0.442588;8650.11;-1;0;
0.444631;8450.35;-1;0;
0.446684;8252.74;-1;0;
0.448745;8057.3;-1;0;
0.450817;7864.07;-1;0;
0.452898;7673.07;-1;0;
0.454988;7484.35;-1;0;
0.457088;7297.93;-1;0;
0.459198;7113.84;-1;0;
0.461318;6932.11;-1;0;
0.463447;6752.77;-1;0;
0.465586;6575.86;-1;0;
0.467735;6401.39;-1;0;
0.469894;6229.39;-1;0;
0.472063;6059.9;-1;0;
0.474242;5892.94;-1;0;
0.476431;5728.54;-1;0;
0.47863;5566.71;-1;0;
0.480839;5407.5;-1;0;
0.483059;5250.9;-1;0;
0.485289;5096.96;-1;0;
0.487528;4945.7;-1;0;
0.489779;4797.12;-1;0;
0.49204;4651.27;-1;0;
0.494311;4508.15;-1;0;
0.496592;4367.78;-1;0;
0.498884;4230.18;-1;0;
0.501187;4095.37;-1;0;
0.503501;3963.36;-1;0;
0.505825;3834.17;-1;0;
0.508159;3707.82;-1;0;
0.510505;3584.31;-1;0;
0.512861;3463.66;-1;0;
0.515229;3345.87;-1;0;
0.517607;3230.96;-1;0;
0.519996;3118.94;-1;0;
0.522396;3009.82;-1;0;
0.524807;2903.59;-1;0;
0.52723;2800.27;-1;0;
0.529663;2699.86;-1;0;
0.532108;2602.35;-1;0;
0.534564;2507.77;-1;0;
0.537032;2416.09;-1;0;
0.539511;2327.33;-1;0;
0.542001;2241.48;-1;0;
0.544503;2158.53;-1;0;
0.547016;2078.48;-1;0;
0.549541;2001.33;-1;0;
0.552077;1927.07;-1;0;
0.554626;1855.68;-1;0;
0.557186;1787.16;-1;0;
0.559758;1721.5;-1;0;
0.562341;1658.68;-1;0;
0.564937;1598.68;-1;0;
0.567545;1541.5;-1;0;
0.570164;1487.11;-1;0;
0.572796;1435.5;-1;0;
0.57544;1386.64;-1;0;
0.578096;1340.51;-1;0;
0.580764;1297.09;-1;0;
0.583445;1256.36;-1;0;
0.586138;1218.29;-1;0;
0.588844;1182.84;-1;0;
0.591562;1150;-1;0;
0.594292;1119.73;-1;0;
0.597035;1092;-1;0;
0.599791;1066.77;-1;0;
0.60256;1044.01;-1;0;
0.605341;1023.69;-1;0;
0.608135;1005.77;-1;0;
0.610942;990.198;-1;0;
0.613762;976.947;-1;0;
0.616595;965.971;-1;0;
0.619441;957.226;-1;0;
0.6223;950.669;-1;0;
0.625173;946.253;-1;0;
0.628058;943.931;-1;0;
0.630957;943.654;-1;0;
0.63387;945.374;-1;0;
0.636796;949.038;-1;0;
0.639735;954.596;-1;0;
0.642688;961.992;-1;0;
0.645654;971.175;-1;0;
0.648634;982.086;-1;0;
0.651628;994.671;-1;0;
0.654636;1008.87;-1;0;
0.657658;1024.63;-1;0;
0.660693;1041.88;-1;0;
0.663743;1060.58;-1;0;
0.666807;1080.65;-1;0;
0.669885;1102.03;-1;0;
0.672977;1124.66;-1;0;
0.676083;1148.48;-1;0;
0.679204;1173.43;-1;0;
0.682339;1199.43;-1;0;
0.685488;1226.43;-1;0;
0.688652;1254.36;-1;0;
0.691831;1283.15;-1;0;
0.695024;1312.73;-1;0;
0.698232;1343.05;-1;0;
0.701455;1374.02;-1;0;
0.704693;1405.59;-1;0;
0.707946;1437.69;-1;0;
0.711214;1470.24;-1;0;
0.714496;1503.19;-1;0;
0.717794;1536.47;-1;0;
0.721107;1570;-1;0;
0.724436;1603.72;-1;0;
0.72778;1637.57;-1;0;
0.731139;1671.48;-1;0;
0.734514;1705.38;-1;0;
0.737904;1739.21;-1;0;
0.74131;1772.9;-1;0;
0.744732;1806.4;-1;0;
0.74817;1839.63;-1;0;
0.751623;1872.53;-1;0;
0.755092;1905.05;-1;0;
0.758578;1937.12;-1;0;
0.762079;1968.69;-1;0;
0.765597;1999.69;-1;0;
0.76913;2030.07;-1;0;
0.772681;2059.78;-1;0;
0.776247;2088.75;-1;0;
0.77983;2116.94;-1;0;
0.78343;2144.3;-1;0;
0.787046;2170.77;-1;0;
0.790679;2196.31;-1;0;
0.794328;2220.88;-1;0;
0.797995;2244.42;-1;0;
0.801678;2266.89;-1;0;
0.805378;2288.26;-1;0;
0.809096;2308.48;-1;0;
0.812831;2327.53;-1;0;
0.816582;2345.36;-1;0;
0.820352;2361.94;-1;0;
0.824138;2377.24;-1;0;
0.827942;2391.24;-1;0;
0.831764;2403.9;-1;0;
0.835603;2415.21;-1;0;
0.83946;2425.15;-1;0;
0.843335;2433.69;-1;0;
0.847227;2440.82;-1;0;
0.851138;2446.52;-1;0;
0.855067;2450.8;-1;0;
0.859014;2453.63;-1;0;
0.862979;2455.01;-1;0;
0.866962;2454.94;-1;0;
0.870964;2453.42;-1;0;
0.874984;2450.44;-1;0;
0.879023;2446.02;-1;0;
0.88308;2440.16;-1;0;
0.887156;2432.87;-1;0;
0.891251;2424.16;-1;0;
0.895365;2414.05;-1;0;
0.899498;2402.56;-1;0;
0.903649;2389.69;-1;0;
0.907821;2375.49;-1;0;
0.912011;2359.96;-1;0;
0.91622;2343.14;-1;0;
0.92045;2325.06;-1;0;
0.924698;2305.75;-1;0;
0.928966;2285.23;-1;0;
0.933254;2263.56;-1;0;
0.937562;2240.76;-1;0;
0.94189;2216.88;-1;0;
0.946237;2191.95;-1;0;
0.950605;2166.03;-1;0;
0.954993;2139.15;-1;0;
0.959401;2111.36;-1;0;
0.963829;2082.72;-1;0;
0.968278;2053.27;-1;0;
0.972747;2023.07;-1;0;
0.977237;1992.16;-1;0;
0.981748;1960.6;-1;0;
0.986279;1928.45;-1;0;
0.990832;1895.76;-1;0;
0.995405;1862.59;-1;0;
1;1829;-1;0;
1.00462;1795.04;-1;0;
1.00925;1760.77;-1;0;
1.01391;1726.25;-1;0;
1.01859;1691.55;-1;0;
1.02329;1656.71;-1;0;
1.02802;1621.8;-1;0;
1.03276;1586.87;-1;0;
1.03753;1551.99;-1;0;
1.04232;1517.21;-1;0;
1.04713;1482.59;-1;0;
1.05196;1448.19;-1;0;
1.05682;1414.05;-1;0;
1.0617;1380.24;-1;0;
1.0666;1346.8;-1;0;
1.07152;1313.79;-1;0;
1.07647;1281.26;-1;0;
1.08143;1249.25;-1;0;
1.08643;1217.82;-1;0;
1.09144;1187.01;-1;0;
1.09648;1156.86;-1;0;
1.10154;1127.42;-1;0;
1.10662;1098.71;-1;0;
1.11173;1070.78;-1;0;
1.11686;1043.67;-1;0;
1.12202;1017.4;-1;0;
1.1272;992.009;-1;0;
1.1324;967.518;-1;0;
1.13763;943.952;-1;0;
1.14288;921.335;-1;0;
1.14815;899.684;-1;0;
1.15345;879.017;-1;0;
1.15878;859.347;-1;0;
1.16413;840.684;-1;0;
1.1695;823.036;-1;0;
1.1749;806.407;-1;0;
1.18032;790.801;-1;0;
1.18577;776.217;-1;0;
1.19124;762.65;-1;0;
1.19674;750.094;-1;0;
1.20226;738.54;-1;0;
1.20781;727.977;-1;0;
1.21339;718.389;-1;0;
1.21899;709.76;-1;0;
1.22462;702.069;-1;0;
1.23027;695.295;-1;0;
1.23595;689.413;-1;0;
1.24165;684.396;-1;0;
1.24738;680.215;-1;0;
1.25314;676.839;-1;0;
1.25893;674.235;-1;0;
1.26474;672.367;-1;0;
1.27057;671.201;-1;0;
1.27644;670.697;-1;0;
1.28233;670.815;-1;0;
1.28825;671.516;-1;0;
1.2942;672.756;-1;0;
1.30017;674.494;-1;0;
1.30617;676.685;-1;0;
1.3122;679.286;-1;0;
1.31826;682.251;-1;0;
1.32434;685.536;-1;0;
1.33045;689.094;-1;0;
1.3366;692.882;-1;0;
1.34276;696.854;-1;0;
1.34896;700.965;-1;0;
1.35519;705.171;-1;0;
1.36144;709.429;-1;0;
1.36773;713.697;-1;0;
1.37404;717.933;-1;0;
1.38038;722.096;-1;0;
1.38676;726.149;-1;0;
1.39316;730.052;-1;0;
1.39959;733.77;-1;0;
1.40605;737.269;-1;0;
1.41254;740.517;-1;0;
1.41906;743.482;-1;0;
1.42561;746.137;-1;0;
1.43219;748.456;-1;0;
1.4388;750.414;-1;0;
1.44544;751.989;-1;0;
1.45211;753.163;-1;0;
1.45881;753.918;-1;0;
1.46555;754.239;-1;0;
1.47231;754.116;-1;0;
1.47911;753.538;-1;0;
1.48594;752.499;-1;0;
1.49279;750.994;-1;0;
1.49968;749.021;-1;0;
1.50661;746.581;-1;0;
1.51356;743.676;-1;0;
1.52055;740.313;-1;0;
1.52757;736.499;-1;0;
1.53462;732.243;-1;0;
1.5417;727.559;-1;0;
1.54882;722.459;-1;0;
1.55597;716.961;-1;0;
1.56315;711.082;-1;0;
1.57036;704.842;-1;0;
1.57761;698.263;-1;0;
1.58489;691.366;-1;0;
1.59221;684.177;-1;0;
1.59956;676.72;-1;0;
1.60694;669.022;-1;0;
1.61436;661.11;-1;0;
1.62181;653.012;-1;0;
1.6293;644.756;-1;0;
1.63682;636.37;-1;0;
1.64437;627.884;-1;0;
1.65196;619.326;-1;0;
1.65959;610.726;-1;0;
1.66725;602.112;-1;0;
1.67494;593.511;-1;0;
1.68267;584.951;-1;0;
1.69044;576.459;-1;0;
1.69824;568.061;-1;0;
1.70608;559.78;-1;0;
1.71396;551.641;-1;0;
1.72187;543.665;-1;0;
1.72982;535.873;-1;0;
1.7378;528.285;-1;0;
1.74582;520.917;-1;0;
1.75388;513.786;-1;0;
1.76198;506.905;-1;0;
1.77011;500.287;-1;0;
1.77828;493.943;-1;0;
1.78649;487.879;-1;0;
1.79473;482.104;-1;0;
1.80302;476.621;-1;0;
1.81134;471.434;-1;0;
1.8197;466.542;-1;0;
1.8281;461.944;-1;0;
1.83654;457.638;-1;0;
1.84502;453.618;-1;0;
1.85353;449.879;-1;0;
1.86209;446.411;-1;0;
1.87068;443.205;-1;0;
1.87932;440.249;-1;0;
1.88799;437.532;-1;0;
1.89671;435.039;-1;0;
1.90546;432.755;-1;0;
1.91426;430.665;-1;0;
1.92309;428.751;-1;0;
1.93197;426.996;-1;0;
1.94089;425.383;-1;0;
1.94984;423.892;-1;0;
1.95884;422.506;-1;0;
1.96789;421.204;-1;0;
1.97697;419.97;-1;0;
1.98609;418.783;-1;0;
1.99526;417.627;-1;0;
2.00447;416.482;-1;0;
2.01372;415.332;-1;0;
2.02302;414.161;-1;0;
2.03236;412.953;-1;0;
2.04174;411.693;-1;0;
2.05116;410.367;-1;0;
2.06063;408.964;-1;0;
2.07014;407.472;-1;0;
2.0797;405.882;-1;0;
2.0893;404.184;-1;0;
2.09894;402.371;-1;0;
2.10863;400.438;-1;0;
2.11836;398.381;-1;0;
2.12814;396.197;-1;0;
2.13796;393.884;-1;0;
2.14783;391.442;-1;0;
2.15774;388.873;-1;0;
2.1677;386.18;-1;0;
2.17771;383.367;-1;0;
2.18776;380.439;-1;0;
2.19786;377.402;-1;0;
2.208;374.264;-1;0;
2.2182;371.033;-1;0;
2.22844;367.72;-1;0;
2.23872;364.333;-1;0;
2.24905;360.883;-1;0;
2.25944;357.383;-1;0;
2.26986;353.842;-1;0;
2.28034;350.273;-1;0;
2.29087;346.688;-1;0;
2.30144;343.098;-1;0;
2.31206;339.516;-1;0;
2.32274;335.952;-1;0;
2.33346;332.418;-1;0;
2.34423;328.925;-1;0;
2.35505;325.481;-1;0;
2.36592;322.097;-1;0;
2.37684;318.782;-1;0;
2.38781;315.541;-1;0;
2.39883;312.383;-1;0;
2.40991;309.313;-1;0;
2.42103;306.335;-1;0;
2.4322;303.454;-1;0;
2.44343;300.671;-1;0;
2.45471;297.987;-1;0;
2.46604;295.405;-1;0;
2.47742;292.921;-1;0;
2.48886;290.535;-1;0;
2.50035;288.245;-1;0;
2.51189;286.045;-1;0;
2.52348;283.932;-1;0;
2.53513;281.9;-1;0;
2.54683;279.944;-1;0;
2.55859;278.056;-1;0;
2.5704;276.229;-1;0;
2.58226;274.456;-1;0;
2.59418;272.73;-1;0;
2.60615;271.041;-1;0;
2.61818;269.382;-1;0;
2.63027;267.745;-1;0;
2.64241;266.122;-1;0;
2.65461;264.505;-1;0;
2.66686;262.887;-1;0;
2.67917;261.261;-1;0;
2.69153;259.621;-1;0;
2.70396;257.962;-1;0;
2.71644;256.277;-1;0;
2.72898;254.564;-1;0;
2.74157;252.818;-1;0;
2.75423;251.038;-1;0;
2.76694;249.22;-1;0;
2.77971;247.365;-1;0;
2.79254;245.472;-1;0;
2.80543;243.543;-1;0;
2.81838;241.577;-1;0;
2.83139;239.578;-1;0;
2.84446;237.549;-1;0;
2.85759;235.494;-1;0;
2.87078;233.415;-1;0;
2.88403;231.319;-1;0;
2.89734;229.21;-1;0;
2.91072;227.093;-1;0;
2.92415;224.974;-1;0;
2.93765;222.858;-1;0;
2.95121;220.752;-1;0;
2.96483;218.659;-1;0;
2.97852;216.587;-1;0;
2.99226;214.538;-1;0;
3.00608;212.519;-1;0;
3.01995;210.534;-1;0;
3.03389;208.585;-1;0;
3.04789;206.676;-1;0;
3.06196;204.809;-1;0;
3.0761;202.986;-1;0;
3.0903;201.209;-1;0;
3.10456;199.477;-1;0;
3.11889;197.79;-1;0;
3.13329;196.148;-1;0;
3.14775;194.549;-1;0;
3.16228;192.99;-1;0;
3.17687;191.47;-1;0;
3.19154;189.985;-1;0;
3.20627;188.531;-1;0;
3.22107;187.106;-1;0;
3.23594;185.704;-1;0;
3.25087;184.322;-1;0;
3.26588;182.955;-1;0;
3.28095;181.6;-1;0;
3.2961;180.252;-1;0;
3.31131;178.908;-1;0;
3.3266;177.565;-1;0;
3.34195;176.218;-1;0;
3.35738;174.865;-1;0;
3.37287;173.505;-1;0;
3.38844;172.135;-1;0;
3.40408;170.755;-1;0;
3.41979;169.363;-1;0;
3.43558;167.96;-1;0;
3.45144;166.545;-1;0;
3.46737;165.121;-1;0;
3.48337;163.688;-1;0;
3.49945;162.249;-1;0;
3.5156;160.805;-1;0;
3.53183;159.359;-1;0;
3.54813;157.915;-1;0;
3.56451;156.474;-1;0;
3.58096;155.041;-1;0;
3.59749;153.617;-1;0;
3.6141;152.206;-1;0;
3.63078;150.811;-1;0;
3.64754;149.434;-1;0;
3.66438;148.077;-1;0;
3.68129;146.743;-1;0;
3.69828;145.432;-1;0;
3.71535;144.146;-1;0;
3.7325;142.885;-1;0;
3.74973;141.65;-1;0;
3.76704;140.44;-1;0;
3.78443;139.253;-1;0;
3.80189;138.09;-1;0;
3.81944;136.948;-1;0;
3.83707;135.826;-1;0;
3.85478;134.721;-1;0;
3.87258;133.632;-1;0;
3.89045;132.555;-1;0;
3.90841;131.488;-1;0;
3.92645;130.43;-1;0;
3.94457;129.377;-1;0;
3.96278;128.327;-1;0;
3.98107;127.279;-1;0;
3.99945;126.232;-1;0;
4.01791;125.183;-1;0;
4.03645;124.132;-1;0;
4.05509;123.078;-1;0;
4.0738;122.022;-1;0;
4.09261;120.963;-1;0;
4.1115;119.903;-1;0;
4.13048;118.842;-1;0;
4.14954;117.782;-1;0;
4.16869;116.724;-1;0;
4.18794;115.67;-1;0;
4.20727;114.621;-1;0;
4.22669;113.579;-1;0;
4.2462;112.547;-1;0;
4.2658;111.525;-1;0;
4.28549;110.516;-1;0;
4.30527;109.52;-1;0;
4.32514;108.54;-1;0;
4.3451;107.574;-1;0;
4.36516;106.625;-1;0;
4.38531;105.692;-1;0;
4.40555;104.774;-1;0;
4.42588;103.872;-1;0;
4.44631;102.984;-1;0;
4.46684;102.109;-1;0;
4.48745;101.246;-1;0;
4.50817;100.394;-1;0;
4.52898;99.5509;-1;0;
4.54988;98.7152;-1;0;
4.57088;97.8853;-1;0;
4.59198;97.0601;-1;0;
4.61318;96.238;-1;0;
4.63447;95.4182;-1;0;
4.65586;94.5997;-1;0;
4.67735;93.7822;-1;0;
4.69894;92.9652;-1;0;
4.72063;92.149;-1;0;
4.74242;91.3337;-1;0;
4.76431;90.52;-1;0;
4.7863;89.7087;-1;0;
4.80839;88.9008;-1;0;
4.83059;88.0973;-1;0;
4.85289;87.2994;-1;0;
4.87528;86.5084;-1;0;
4.89779;85.7252;-1;0;
4.9204;84.951;-1;0;
4.94311;84.1866;-1;0;
4.96592;83.4325;-1;0;
4.98884;82.6894;-1;0;
5.01187;81.9572;-1;0;
5.03501;81.2359;-1;0;
5.05825;80.5253;-1;0;
5.08159;79.8247;-1;0;
5.10505;79.1334;-1;0;
5.12861;78.4504;-1;0;
5.15229;77.7749;-1;0;
5.17607;77.1056;-1;0;
5.19996;76.4417;-1;0;
5.22396;75.782;-1;0;
5.24807;75.1258;-1;0;
5.2723;74.4723;-1;0;
5.29663;73.821;-1;0;
5.32108;73.1715;-1;0;
5.34564;72.5239;-1;0;
5.37032;71.8782;-1;0;
5.39511;71.2348;-1;0;
5.42001;70.5943;-1;0;
5.44503;69.9572;-1;0;
5.47016;69.3243;-1;0;
5.49541;68.6965;-1;0;
5.52077;68.0745;-1;0;
5.54626;67.4591;-1;0;
5.57186;66.8508;-1;0;
5.59758;66.2502;-1;0;
5.62341;65.6575;-1;0;
5.64937;65.0729;-1;0;
5.67545;64.4962;-1;0;
5.70164;63.9271;-1;0;
5.72796;63.3653;-1;0;
5.7544;62.81;-1;0;
5.78096;62.2607;-1;0;
5.80764;61.7165;-1;0;
5.83445;61.1767;-1;0;
5.86138;60.6406;-1;0;
5.88844;60.1077;-1;0;
5.91562;59.5774;-1;0;
5.94292;59.0494;-1;0;
5.97035;58.5236;-1;0;
5.99791;58;-1;0;
6.0256;57.4789;-1;0;
6.05341;56.9606;-1;0;
6.08135;56.4455;-1;0;
6.10942;55.9343;-1;0;
6.13762;55.4274;-1;0;
6.16595;54.9255;-1;0;
6.19441;54.4291;-1;0;
6.223;53.9384;-1;0;
6.25173;53.4537;-1;0;
6.28058;52.9752;-1;0;
6.30957;52.5028;-1;0;
6.3387;52.0362;-1;0;
6.36796;51.5751;-1;0;
6.39735;51.1191;-1;0;
6.42688;50.6675;-1;0;
6.45654;50.2198;-1;0;
6.48634;49.7756;-1;0;
6.51628;49.3343;-1;0;
6.54636;48.8956;-1;0;
6.57658;48.4592;-1;0;
6.60693;48.025;-1;0;
6.63743;47.5931;-1;0;
6.66807;47.1636;-1;0;
6.69885;46.737;-1;0;
6.72977;46.3134;-1;0;
6.76083;45.8934;-1;0;
6.79204;45.4773;-1;0;
6.82339;45.0656;-1;0;
6.85488;44.6585;-1;0;
6.88652;44.2561;-1;0;
6.91831;43.8586;-1;0;
6.95024;43.4659;-1;0;
6.98232;43.0778;-1;0;
7.01455;42.6939;-1;0;
7.04693;42.3138;-1;0;
7.07946;41.9373;-1;0;
7.11214;41.5638;-1;0;
7.14496;41.1929;-1;0;
7.17794;40.8245;-1;0;
7.21107;40.4582;-1;0;
7.24436;40.0941;-1;0;
7.2778;39.7321;-1;0;
7.31139;39.3725;-1;0;
7.34514;39.0155;-1;0;
7.37904;38.6614;-1;0;
7.4131;38.3105;-1;0;
7.44732;37.9631;-1;0;
7.4817;37.6194;-1;0;
7.51623;37.2796;-1;0;
7.55092;36.9437;-1;0;
7.58578;36.6117;-1;0;
7.62079;36.2834;-1;0;
7.65597;35.9585;-1;0;
7.6913;35.6368;-1;0;
7.72681;35.3179;-1;0;
7.76247;35.0014;-1;0;
7.7983;34.6872;-1;0;
7.8343;34.3751;-1;0;
7.87046;34.0649;-1;0;
7.90679;33.7568;-1;0;
7.94328;33.4508;-1;0;
7.97995;33.1471;-1;0;
8.01678;32.8459;-1;0;
8.05378;32.5475;-1;0;
8.09096;32.2522;-1;0;
8.12831;31.96;-1;0;
8.16582;31.671;-1;0;
8.20352;31.3853;-1;0;
8.24138;31.1028;-1;0;
8.27942;30.8231;-1;0;
8.31764;30.5462;-1;0;
8.35603;30.2717;-1;0;
8.3946;29.9995;-1;0;
8.43335;29.7292;-1;0;
8.47227;29.4608;-1;0;
8.51138;29.1942;-1;0;
8.55067;28.9295;-1;0;
8.59014;28.6667;-1;0;
8.62979;28.4061;-1;0;
8.66962;28.1478;-1;0;
8.70964;27.892;-1;0;
8.74984;27.6389;-1;0;
8.79023;27.3885;-1;0;
8.8308;27.1408;-1;0;
8.87156;26.8958;-1;0;
8.91251;26.6532;-1;0;
8.95365;26.413;-1;0;
8.99498;26.1749;-1;0;
9.03649;25.9387;-1;0;
9.07821;25.7043;-1;0;
9.12011;25.4716;-1;0;
9.1622;25.2405;-1;0;
9.2045;25.0111;-1;0;
9.24698;24.7836;-1;0;
9.28966;24.558;-1;0;
9.33254;24.3346;-1;0;
9.37562;24.1135;-1;0;
9.4189;23.8947;-1;0;
9.46237;23.6782;-1;0;
9.50605;23.464;-1;0;
9.54993;23.252;-1;0;
9.59401;23.0419;-1;0;
9.63829;22.8337;-1;0;
9.68278;22.6271;-1;0;
9.72747;22.422;-1;0;
9.77237;22.2185;-1;0;
9.81748;22.0165;-1;0;
9.86279;21.8161;-1;0;
9.90832;21.6175;-1;0;
9.95405;21.4207;-1;0;
10;21.2258;-1;0;

