0.1;265778;-1;0;
0.100462;265587;-1;0;
0.100925;265394;-1;0;
0.101391;265200;-1;0;
0.101859;265003;-1;0;
0.102329;264806;-1;0;
0.102802;264606;-1;0;
0.103276;264405;-1;0;
0.103753;264202;-1;0;
0.104232;263997;-1;0;
0.104713;263791;-1;0;
0.105196;263583;-1;0;
0.105682;263373;-1;0;
0.10617;263161;-1;0;
0.10666;262948;-1;0;
0.107152;262733;-1;0;
0.107647;262516;-1;0;
0.108143;262297;-1;0;
0.108643;262076;-1;0;
0.109144;261854;-1;0;
0.109648;261629;-1;0;
0.110154;261403;-1;0;
0.110662;261175;-1;0;
0.111173;260945;-1;0;
0.111686;260713;-1;0;
0.112202;260479;-1;0;
0.11272;260243;-1;0;
0.11324;260005;-1;0;
0.113763;259765;-1;0;
0.114288;259523;-1;0;
0.114815;259280;-1;0;
0.115345;259034;-1;0;
0.115878;258786;-1;0;
0.116413;258536;-1;0;
0.11695;258284;-1;0;
0.11749;258030;-1;0;
0.118032;257774;-1;0;
0.118577;257516;-1;0;
0.119124;257255;-1;0;
0.119674;256993;-1;0;
0.120226;256728;-1;0;
0.120781;256461;-1;0;
0.121339;256192;-1;0;
0.121899;255921;-1;0;
0.122462;255648;-1;0;
0.123027;255372;-1;0;
0.123595;255094;-1;0;
0.124165;254814;-1;0;
0.124738;254532;-1;0;
0.125314;254247;-1;0;
0.125893;253960;-1;0;
0.126474;253671;-1;0;
0.127057;253379;-1;0;
0.127644;253085;-1;0;
0.128233;252788;-1;0;
0.128825;252490;-1;0;
0.12942;252188;-1;0;
0.130017;251885;-1;0;
0.130617;251579;-1;0;
0.13122;251270;-1;0;
0.131826;250959;-1;0;
0.132434;250646;-1;0;
0.133045;250330;-1;0;
0.13366;250012;-1;0;
0.134276;249691;-1;0;
0.134896;249367;-1;0;
0.135519;249041;-1;0;
0.136144;248713;-1;0;
0.136773;248381;-1;0;
0.137404;248048;-1;0;
0.138038;247711;-1;0;
0.138676;247372;-1;0;
0.139316;247030;-1;0;
0.139959;246686;-1;0;
0.140605;246339;-1;0;
0.141254;245989;-1;0;
0.141906;245636;-1;0;
0.142561;245281;-1;0;
0.143219;244923;-1;0;
0.14388;244562;-1;0;
0.144544;244199;-1;0;
0.145211;243832;-1;0;
0.145881;243463;-1;0;
0.146555;243091;-1;0;
0.147231;242716;-1;0;
0.147911;242338;-1;0;
0.148594;241958;-1;0;
0.149279;241574;-1;0;
0.149968;241188;-1;0;
0.150661;240798;-1;0;
0.151356;240406;-1;0;
0.152055;240010;-1;0;
0.152757;239612;-1;0;
0.153462;239211;-1;0;
0.15417;238806;-1;0;
0.154882;238399;-1;0;
0.155597;237988;-1;0;
0.156315;237575;-1;0;
0.157036;237158;-1;0;
0.157761;236739;-1;0;
0.158489;236316;-1;0;
0.159221;235890;-1;0;
0.159956;235461;-1;0;
0.160694;235029;-1;0;
0.161436;234593;-1;0;
0.162181;234155;-1;0;
0.16293;233713;-1;0;
0.163682;233268;-1;0;
0.164437;232820;-1;0;
0.165196;232368;-1;0;
0.165959;231913;-1;0;
0.166725;231455;-1;0;
0.167494;230994;-1;0;
0.168267;230529;-1;0;
0.169044;230061;-1;0;
0.169824;229590;-1;0;
0.170608;229115;-1;0;
0.171396;228637;-1;0;
0.172187;228155;-1;0;
0.172982;227671;-1;0;
0.17378;227182;-1;0;
0.174582;226690;-1;0;
0.175388;226195;-1;0;
0.176198;225697;-1;0;
0.177011;225194;-1;0;
0.177828;224689;-1;0;
0.178649;224180;-1;0;
0.179473;223667;-1;0;
0.180302;223151;-1;0;
0.181134;222631;-1;0;
0.18197;222108;-1;0;
0.18281;221581;-1;0;
0.183654;221051;-1;0;
0.184502;220517;-1;0;
0.185353;219979;-1;0;
0.186209;219438;-1;0;
0.187068;218893;-1;0;
0.187932;218345;-1;0;
0.188799;217793;-1;0;
0.189671;217237;-1;0;
0.190546;216678;-1;0;
0.191426;216115;-1;0;
0.192309;215548;-1;0;
0.193197;214978;-1;0;
0.194089;214403;-1;0;
0.194984;213825;-1;0;
0.195884;213244;-1;0;
0.196789;212658;-1;0;
0.197697;212069;-1;0;
0.198609;211477;-1;0;
0.199526;210880;-1;0;
0.200447;210280;-1;0;
0.201372;209675;-1;0;
0.202302;209067;-1;0;
0.203236;208456;-1;0;
0.204174;207840;-1;0;
0.205116;207221;-1;0;
0.206063;206598;-1;0;
0.207014;205971;-1;0;
0.20797;205340;-1;0;
0.20893;204706;-1;0;
0.209894;204067;-1;0;
0.210863;203425;-1;0;
0.211836;202779;-1;0;
0.212814;202129;-1;0;
0.213796;201475;-1;0;
0.214783;200818;-1;0;
0.215774;200156;-1;0;
0.21677;199491;-1;0;
0.217771;198822;-1;0;
0.218776;198149;-1;0;
0.219786;197472;-1;0;
0.2208;196791;-1;0;
0.22182;196107;-1;0;
0.222844;195418;-1;0;
0.223872;194726;-1;0;
0.224905;194030;-1;0;
0.225944;193330;-1;0;
0.226986;192626;-1;0;
0.228034;191919;-1;0;
0.229087;191207;-1;0;
0.230144;190492;-1;0;
0.231206;189773;-1;0;
0.232274;189050;-1;0;
0.233346;188324;-1;0;
0.234423;187593;-1;0;
0.235505;186859;-1;0;
0.236592;186121;-1;0;
0.237684;185379;-1;0;
0.238781;184633;-1;0;
0.239883;183884;-1;0;
0.240991;183131;-1;0;
0.242103;182374;-1;0;
0.24322;181613;-1;0;
0.244343;180849;-1;0;
0.245471;180081;-1;0;
0.246604;179309;-1;0;
0.247742;178534;-1;0;
0.248886;177755;-1;0;
0.250035;176972;-1;0;
0.251189;176186;-1;0;
0.252348;175396;-1;0;
0.253513;174603;-1;0;
0.254683;173806;-1;0;
0.255859;173005;-1;0;
0.25704;172201;-1;0;
0.258226;171393;-1;0;
0.259418;170582;-1;0;
0.260615;169768;-1;0;
0.261818;168950;-1;0;
0.263027;168128;-1;0;
0.264241;167303;-1;0;
0.265461;166475;-1;0;
0.266686;165643;-1;0;
0.267917;164808;-1;0;
0.269153;163970;-1;0;
0.270396;163129;-1;0;
0.271644;162284;-1;0;
0.272898;161436;-1;0;
0.274157;160585;-1;0;
0.275423;159731;-1;0;
0.276694;158873;-1;0;
0.277971;158013;-1;0;
0.279254;157149;-1;0;
0.280543;156283;-1;0;
0.281838;155413;-1;0;
0.283139;154541;-1;0;
0.284446;153665;-1;0;
0.285759;152787;-1;0;
0.287078;151906;-1;0;
0.288403;151022;-1;0;
0.289734;150136;-1;0;
0.291072;149246;-1;0;
0.292415;148355;-1;0;
0.293765;147460;-1;0;
0.295121;146563;-1;0;
0.296483;145663;-1;0;
0.297852;144761;-1;0;
0.299226;143857;-1;0;
0.300608;142950;-1;0;
0.301995;142041;-1;0;
0.303389;141129;-1;0;
0.304789;140215;-1;0;
0.306196;139299;-1;0;
0.30761;138381;-1;0;
0.30903;137461;-1;0;
0.310456;136539;-1;0;
0.311889;135615;-1;0;
0.313329;134689;-1;0;
0.314775;133761;-1;0;
0.316228;132831;-1;0;
0.317687;131900;-1;0;
0.319154;130967;-1;0;
0.320627;130032;-1;0;
0.322107;129096;-1;0;
0.323594;128158;-1;0;
0.325087;127219;-1;0;
0.326588;126279;-1;0;
0.328095;125337;-1;0;
0.32961;124394;-1;0;
0.331131;123450;-1;0;
0.33266;122505;-1;0;
0.334195;121559;-1;0;
0.335738;120612;-1;0;
0.337287;119664;-1;0;
0.338844;118715;-1;0;
0.340408;117765;-1;0;
0.341979;116815;-1;0;
0.343558;115864;-1;0;
0.345144;114913;-1;0;
0.346737;113961;-1;0;
0.348337;113009;-1;0;
0.349945;112057;-1;0;
0.35156;111104;-1;0;
0.353183;110152;-1;0;
0.354813;109199;-1;0;
0.356451;108246;-1;0;
0.358096;107294;-1;0;
0.359749;106341;-1;0;
0.36141;105389;-1;0;
0.363078;104438;-1;0;
0.364754;103487;-1;0;
0.366438;102536;-1;0;
0.368129;101586;-1;0;
0.369828;100636;-1;0;
0.371535;99688;-1;0;
0.37325;98740.3;-1;0;
0.374973;97793.7;-1;0;
0.376704;96848;-1;0;
0.378443;95903.6;-1;0;
0.380189;94960.4;-1;0;
0.381944;94018.5;-1;0;
0.383707;93078;-1;0;
0.385478;92139;-1;0;
0.387258;91201.6;-1;0;
0.389045;90265.9;-1;0;
0.390841;89332;-1;0;
0.392645;88399.9;-1;0;
0.394457;87469.8;-1;0;
0.396278;86541.8;-1;0;
0.398107;85615.9;-1;0;
0.399945;84692.3;-1;0;
0.401791;83770.9;-1;0;
0.403645;82852;-1;0;
0.405509;81935.6;-1;0;
0.40738;81021.8;-1;0;
0.409261;80110.7;-1;0;
0.41115;79202.4;-1;0;
0.413048;78296.9;-1;0;
0.414954;77394.5;-1;0;
0.416869;76495.1;-1;0;
0.418794;75598.8;-1;0;
0.420727;74705.8;-1;0;
0.422669;73816.2;-1;0;
0.42462;72930;-1;0;
0.42658;72047.2;-1;0;
0.428549;71168.1;-1;0;
0.430527;70292.8;-1;0;
0.432514;69421.1;-1;0;
0.43451;68553.4;-1;0;
0.436516;67689.6;-1;0;
0.438531;66829.9;-1;0;
0.440555;65974.4;-1;0;
0.442588;65123;-1;0;
0.444631;64276;-1;0;
0.446684;63433.3;-1;0;
0.448745;62595.2;-1;0;
0.450817;61761.6;-1;0;
0.452898;60932.7;-1;0;
0.454988;60108.5;-1;0;
0.457088;59289.1;-1;0;
0.459198;58474.6;-1;0;
0.461318;57665;-1;0;
0.463447;56860.5;-1;0;
0.465586;56061.2;-1;0;
0.467735;55267;-1;0;
0.469894;54478.1;-1;0;
0.472063;53694.6;-1;0;
0.474242;52916.4;-1;0;
0.476431;52143.8;-1;0;
0.47863;51376.7;-1;0;
0.480839;50615.3;-1;0;
0.483059;49859.5;-1;0;
0.485289;49109.5;-1;0;
0.487528;48365.3;-1;0;
0.489779;47627;-1;0;
0.49204;46894.7;-1;0;
0.494311;46168.3;-1;0;
0.496592;45448;-1;0;
0.498884;44733.9;-1;0;
0.501187;44025.8;-1;0;
0.503501;43324.1;-1;0;
0.505825;42628.5;-1;0;
0.508159;41939.3;-1;0;
0.510505;41256.5;-1;0;
0.512861;40580.1;-1;0;
0.515229;39910.1;-1;0;
0.517607;39246.6;-1;0;
0.519996;38589.7;-1;0;
0.522396;37939.3;-1;0;
0.524807;37295.5;-1;0;
0.52723;36658.4;-1;0;
0.529663;36027.9;-1;0;
0.532108;35404.2;-1;0;
0.534564;34787.1;-1;0;
0.537032;34176.8;-1;0;
0.539511;33573.3;-1;0;
0.542001;32976.6;-1;0;
0.544503;32386.7;-1;0;
0.547016;31803.6;-1;0;
0.549541;31227.3;-1;0;
0.552077;30657.9;-1;0;
0.554626;30095.4;-1;0;
0.557186;29539.7;-1;0;
0.559758;28991;-1;0;
0.562341;28449;-1;0;
0.564937;27914;-1;0;
0.567545;27385.9;-1;0;
0.570164;26864.6;-1;0;
0.572796;26350.2;-1;0;
0.57544;25842.6;-1;0;
0.578096;25341.9;-1;0;
0.580764;24848.1;-1;0;
0.583445;24361.1;-1;0;
0.586138;23880.9;-1;0;
0.588844;23407.4;-1;0;
0.591562;22940.8;-1;0;
0.594292;22480.9;-1;0;
0.597035;22027.7;-1;0;
0.599791;21581.2;-1;0;
0.60256;21141.4;-1;0;
0.605341;20708.3;-1;0;
0.608135;20281.7;-1;0;
0.610942;19861.8;-1;0;
0.613762;19448.3;-1;0;
0.616595;19041.4;-1;0;
0.619441;18640.9;-1;0;
0.6223;18246.9;-1;0;
0.625173;17859.2;-1;0;
0.628058;17477.9;-1;0;
0.630957;17102.9;-1;0;
0.63387;16734.1;-1;0;
0.636796;16371.5;-1;0;
0.639735;16015;-1;0;
0.642688;15664.6;-1;0;
0.645654;15320.3;-1;0;
0.648634;14982;-1;0;
0.651628;14649.6;-1;0;
0.654636;14323;-1;0;
0.657658;14002.3;-1;0;
0.660693;13687.3;-1;0;
0.663743;13378.1;-1;0;
0.666807;13074.5;-1;0;
0.669885;12776.4;-1;0;
0.672977;12483.9;-1;0;
0.676083;12196.8;-1;0;
0.679204;11915.1;-1;0;
0.682339;11638.7;-1;0;
0.685488;11367.6;-1;0;
0.688652;11101.6;-1;0;
0.691831;10840.8;-1;0;
0.695024;10585.1;-1;0;
0.698232;10334.3;-1;0;
0.701455;10088.5;-1;0;
0.704693;9847.5;-1;0;
0.707946;9611.32;-1;0;
0.711214;9379.87;-1;0;
0.714496;9153.07;-1;0;
0.717794;8930.86;-1;0;
0.721107;8713.17;-1;0;
0.724436;8499.94;-1;0;
0.72778;8291.1;-1;0;
0.731139;8086.58;-1;0;
0.734514;7886.31;-1;0;
0.737904;7690.24;-1;0;
0.74131;7498.29;-1;0;
0.744732;7310.4;-1;0;
0.74817;7126.51;-1;0;
0.751623;6946.54;-1;0;
0.755092;6770.45;-1;0;
0.758578;6598.16;-1;0;
0.762079;6429.61;-1;0;
0.765597;6264.75;-1;0;
0.76913;6103.5;-1;0;
0.772681;5945.82;-1;0;
0.776247;5791.64;-1;0;
0.77983;5640.9;-1;0;
0.78343;5493.54;-1;0;
0.787046;5349.52;-1;0;
0.790679;5208.77;-1;0;
0.794328;5071.23;-1;0;
0.797995;4936.86;-1;0;
0.801678;4805.6;-1;0;
0.805378;4677.4;-1;0;
0.809096;4552.2;-1;0;
0.812831;4429.96;-1;0;
0.816582;4310.62;-1;0;
0.820352;4194.15;-1;0;
0.824138;4080.48;-1;0;
0.827942;3969.58;-1;0;
0.831764;3861.39;-1;0;
0.835603;3755.87;-1;0;
0.83946;3652.98;-1;0;
0.843335;3552.68;-1;0;
0.847227;3454.91;-1;0;
0.851138;3359.65;-1;0;
0.855067;3266.84;-1;0;
0.859014;3176.45;-1;0;
0.862979;3088.44;-1;0;
0.866962;3002.76;-1;0;
0.870964;2919.39;-1;0;
0.874984;2838.27;-1;0;
0.879023;2759.39;-1;0;
0.88308;2682.69;-1;0;
0.887156;2608.14;-1;0;
0.891251;2535.71;-1;0;
0.895365;2465.37;-1;0;
0.899498;2397.07;-1;0;
0.903649;2330.79;-1;0;
0.907821;2266.48;-1;0;
0.912011;2204.12;-1;0;
0.91622;2143.68;-1;0;
0.92045;2085.11;-1;0;
0.924698;2028.39;-1;0;
0.928966;1973.49;-1;0;
0.933254;1920.37;-1;0;
0.937562;1869;-1;0;
0.94189;1819.34;-1;0;
0.946237;1771.38;-1;0;
0.950605;1725.06;-1;0;
0.954993;1680.38;-1;0;
0.959401;1637.28;-1;0;
0.963829;1595.74;-1;0;
0.968278;1555.72;-1;0;
0.972747;1517.21;-1;0;
0.977237;1480.15;-1;0;
0.981748;1444.53;-1;0;
0.986279;1410.31;-1;0;
0.990832;1377.45;-1;0;
0.995405;1345.93;-1;0;
1;1315.71;-1;0;
1.00462;1286.76;-1;0;
1.00925;1259.04;-1;0;
1.01391;1232.54;-1;0;
1.01859;1207.2;-1;0;
1.02329;1183.01;-1;0;
1.02802;1159.92;-1;0;
1.03276;1137.9;-1;0;
1.03753;1116.93;-1;0;
1.04232;1096.97;-1;0;
1.04713;1077.98;-1;0;
1.05196;1059.93;-1;0;
1.05682;1042.8;-1;0;
1.0617;1026.54;-1;0;
1.0666;1011.13;-1;0;
1.07152;996.537;-1;0;
1.07647;982.722;-1;0;
1.08143;969.658;-1;0;
1.08643;957.313;-1;0;
1.09144;945.655;-1;0;
1.09648;934.653;-1;0;
1.10154;924.277;-1;0;
1.10662;914.497;-1;0;
1.11173;905.283;-1;0;
1.11686;896.607;-1;0;
1.12202;888.438;-1;0;
1.1272;880.75;-1;0;
1.1324;873.513;-1;0;
1.13763;866.703;-1;0;
1.14288;860.291;-1;0;
1.14815;854.252;-1;0;
1.15345;848.561;-1;0;
1.15878;843.194;-1;0;
1.16413;838.128;-1;0;
1.1695;833.338;-1;0;
1.1749;828.804;-1;0;
1.18032;824.503;-1;0;
1.18577;820.416;-1;0;
1.19124;816.523;-1;0;
1.19674;812.804;-1;0;
1.20226;809.242;-1;0;
1.20781;805.82;-1;0;
1.21339;802.522;-1;0;
1.21899;799.331;-1;0;
1.22462;796.234;-1;0;
1.23027;793.217;-1;0;
1.23595;790.266;-1;0;
1.24165;787.371;-1;0;
1.24738;784.519;-1;0;
1.25314;781.701;-1;0;
1.25893;778.907;-1;0;
1.26474;776.127;-1;0;
1.27057;773.355;-1;0;
1.27644;770.583;-1;0;
1.28233;767.804;-1;0;
1.28825;765.012;-1;0;
1.2942;762.203;-1;0;
1.30017;759.372;-1;0;
1.30617;756.516;-1;0;
1.3122;753.63;-1;0;
1.31826;750.712;-1;0;
1.32434;747.761;-1;0;
1.33045;744.774;-1;0;
1.3366;741.751;-1;0;
1.34276;738.691;-1;0;
1.34896;735.594;-1;0;
1.35519;732.46;-1;0;
1.36144;729.289;-1;0;
1.36773;726.083;-1;0;
1.37404;722.842;-1;0;
1.38038;719.569;-1;0;
1.38676;716.264;-1;0;
1.39316;712.931;-1;0;
1.39959;709.571;-1;0;
1.40605;706.186;-1;0;
1.41254;702.779;-1;0;
1.41906;699.354;-1;0;
1.42561;695.912;-1;0;
1.43219;692.456;-1;0;
1.4388;688.99;-1;0;
1.44544;685.516;-1;0;
1.45211;682.038;-1;0;
1.45881;678.558;-1;0;
1.46555;675.08;-1;0;
1.47231;671.606;-1;0;
1.47911;668.14;-1;0;
1.48594;664.684;-1;0;
1.49279;661.241;-1;0;
1.49968;657.814;-1;0;
1.50661;654.405;-1;0;
1.51356;651.017;-1;0;
1.52055;647.652;-1;0;
1.52757;644.313;-1;0;
1.53462;641.001;-1;0;
1.5417;637.719;-1;0;
1.54882;634.467;-1;0;
1.55597;631.248;-1;0;
1.56315;628.063;-1;0;
1.57036;624.912;-1;0;
1.57761;621.797;-1;0;
1.58489;618.718;-1;0;
1.59221;615.676;-1;0;
1.59956;612.67;-1;0;
1.60694;609.7;-1;0;
1.61436;606.766;-1;0;
1.62181;603.867;-1;0;
1.6293;601.002;-1;0;
1.63682;598.17;-1;0;
1.64437;595.369;-1;0;
1.65196;592.598;-1;0;
1.65959;589.853;-1;0;
1.66725;587.134;-1;0;
1.67494;584.437;-1;0;
1.68267;581.759;-1;0;
1.69044;579.098;-1;0;
1.69824;576.45;-1;0;
1.70608;573.812;-1;0;
1.71396;571.18;-1;0;
1.72187;568.55;-1;0;
1.72982;565.918;-1;0;
1.7378;563.282;-1;0;
1.74582;560.636;-1;0;
1.75388;557.977;-1;0;
1.76198;555.3;-1;0;
1.77011;552.602;-1;0;
1.77828;549.879;-1;0;
1.78649;547.127;-1;0;
1.79473;544.343;-1;0;
1.80302;541.523;-1;0;
1.81134;538.665;-1;0;
1.8197;535.765;-1;0;
1.8281;532.821;-1;0;
1.83654;529.83;-1;0;
1.84502;526.792;-1;0;
1.85353;523.703;-1;0;
1.86209;520.565;-1;0;
1.87068;517.375;-1;0;
1.87932;514.134;-1;0;
1.88799;510.842;-1;0;
1.89671;507.5;-1;0;
1.90546;504.109;-1;0;
1.91426;500.672;-1;0;
1.92309;497.189;-1;0;
1.93197;493.664;-1;0;
1.94089;490.099;-1;0;
1.94984;486.498;-1;0;
1.95884;482.866;-1;0;
1.96789;479.204;-1;0;
1.97697;475.519;-1;0;
1.98609;471.813;-1;0;
1.99526;468.093;-1;0;
2.00447;464.362;-1;0;
2.01372;460.625;-1;0;
2.02302;456.887;-1;0;
2.03236;453.152;-1;0;
2.04174;449.424;-1;0;
2.05116;445.708;-1;0;
2.06063;442.007;-1;0;
2.07014;438.325;-1;0;
2.0797;434.665;-1;0;
2.0893;431.029;-1;0;
2.09894;427.42;-1;0;
2.10863;423.838;-1;0;
2.11836;420.286;-1;0;
2.12814;416.763;-1;0;
2.13796;413.27;-1;0;
2.14783;409.804;-1;0;
2.15774;406.366;-1;0;
2.1677;402.954;-1;0;
2.17771;399.564;-1;0;
2.18776;396.195;-1;0;
2.19786;392.842;-1;0;
2.208;389.503;-1;0;
2.2182;386.174;-1;0;
2.22844;382.85;-1;0;
2.23872;379.527;-1;0;
2.24905;376.202;-1;0;
2.25944;372.87;-1;0;
2.26986;369.528;-1;0;
2.28034;366.172;-1;0;
2.29087;362.8;-1;0;
2.30144;359.408;-1;0;
2.31206;355.995;-1;0;
2.32274;352.561;-1;0;
2.33346;349.103;-1;0;
2.34423;345.625;-1;0;
2.35505;342.125;-1;0;
2.36592;338.609;-1;0;
2.37684;335.078;-1;0;
2.38781;331.538;-1;0;
2.39883;327.995;-1;0;
2.40991;324.454;-1;0;
2.42103;320.924;-1;0;
2.4322;317.413;-1;0;
2.44343;313.93;-1;0;
2.45471;310.486;-1;0;
2.46604;307.091;-1;0;
2.47742;303.756;-1;0;
2.48886;300.492;-1;0;
2.50035;297.312;-1;0;
2.51189;294.226;-1;0;
2.52348;291.245;-1;0;
2.53513;288.381;-1;0;
2.54683;285.643;-1;0;
2.55859;283.04;-1;0;
2.5704;280.581;-1;0;
2.58226;278.272;-1;0;
2.59418;276.12;-1;0;
2.60615;274.128;-1;0;
2.61818;272.298;-1;0;
2.63027;270.631;-1;0;
2.64241;269.126;-1;0;
2.65461;267.779;-1;0;
2.66686;266.586;-1;0;
2.67917;265.539;-1;0;
2.69153;264.63;-1;0;
2.70396;263.847;-1;0;
2.71644;263.179;-1;0;
2.72898;262.61;-1;0;
2.74157;262.126;-1;0;
2.75423;261.709;-1;0;
2.76694;261.343;-1;0;
2.77971;261.008;-1;0;
2.79254;260.686;-1;0;
2.80543;260.359;-1;0;
2.81838;260.006;-1;0;
2.83139;259.609;-1;0;
2.84446;259.151;-1;0;
2.85759;258.614;-1;0;
2.87078;257.983;-1;0;
2.88403;257.245;-1;0;
2.89734;256.385;-1;0;
2.91072;255.394;-1;0;
2.92415;254.263;-1;0;
2.93765;252.987;-1;0;
2.95121;251.56;-1;0;
2.96483;249.982;-1;0;
2.97852;248.252;-1;0;
2.99226;246.374;-1;0;
3.00608;244.354;-1;0;
3.01995;242.197;-1;0;
3.03389;239.913;-1;0;
3.04789;237.514;-1;0;
3.06196;235.011;-1;0;
3.0761;232.417;-1;0;
3.0903;229.747;-1;0;
3.10456;227.017;-1;0;
3.11889;224.24;-1;0;
3.13329;221.433;-1;0;
3.14775;218.611;-1;0;
3.16228;215.788;-1;0;
3.17687;212.977;-1;0;
3.19154;210.192;-1;0;
3.20627;207.444;-1;0;
3.22107;204.742;-1;0;
3.23594;202.096;-1;0;
3.25087;199.512;-1;0;
3.26588;196.995;-1;0;
3.28095;194.549;-1;0;
3.2961;192.175;-1;0;
3.31131;189.876;-1;0;
3.3266;187.648;-1;0;
3.34195;185.491;-1;0;
3.35738;183.402;-1;0;
3.37287;181.376;-1;0;
3.38844;179.41;-1;0;
3.40408;177.498;-1;0;
3.41979;175.637;-1;0;
3.43558;173.821;-1;0;
3.45144;172.047;-1;0;
3.46737;170.311;-1;0;
3.48337;168.61;-1;0;
3.49945;166.943;-1;0;
3.5156;165.308;-1;0;
3.53183;163.706;-1;0;
3.54813;162.138;-1;0;
3.56451;160.606;-1;0;
3.58096;159.113;-1;0;
3.59749;157.663;-1;0;
3.6141;156.259;-1;0;
3.63078;154.907;-1;0;
3.64754;153.611;-1;0;
3.66438;152.376;-1;0;
3.68129;151.206;-1;0;
3.69828;150.104;-1;0;
3.71535;149.073;-1;0;
3.7325;148.115;-1;0;
3.74973;147.23;-1;0;
3.76704;146.416;-1;0;
3.78443;145.67;-1;0;
3.80189;144.988;-1;0;
3.81944;144.362;-1;0;
3.83707;143.786;-1;0;
3.85478;143.248;-1;0;
3.87258;142.739;-1;0;
3.89045;142.244;-1;0;
3.90841;141.752;-1;0;
3.92645;141.247;-1;0;
3.94457;140.715;-1;0;
3.96278;140.143;-1;0;
3.98107;139.516;-1;0;
3.99945;138.822;-1;0;
4.01791;138.049;-1;0;
4.03645;137.187;-1;0;
4.05509;136.228;-1;0;
4.0738;135.166;-1;0;
4.09261;133.999;-1;0;
4.1115;132.726;-1;0;
4.13048;131.349;-1;0;
4.14954;129.872;-1;0;
4.16869;128.304;-1;0;
4.18794;126.655;-1;0;
4.20727;124.937;-1;0;
4.22669;123.164;-1;0;
4.2462;121.352;-1;0;
4.2658;119.517;-1;0;
4.28549;117.677;-1;0;
4.30527;115.85;-1;0;
4.32514;114.053;-1;0;
4.3451;112.301;-1;0;
4.36516;110.611;-1;0;
4.38531;108.993;-1;0;
4.40555;107.461;-1;0;
4.42588;106.022;-1;0;
4.44631;104.682;-1;0;
4.46684;103.444;-1;0;
4.48745;102.309;-1;0;
4.50817;101.274;-1;0;
4.52898;100.336;-1;0;
4.54988;99.4861;-1;0;
4.57088;98.7173;-1;0;
4.59198;98.0189;-1;0;
4.61318;97.38;-1;0;
4.63447;96.7888;-1;0;
4.65586;96.2338;-1;0;
4.67735;95.7034;-1;0;
4.69894;95.187;-1;0;
4.72063;94.6751;-1;0;
4.74242;94.1594;-1;0;
4.76431;93.6331;-1;0;
4.7863;93.0911;-1;0;
4.80839;92.53;-1;0;
4.83059;91.9477;-1;0;
4.85289;91.3439;-1;0;
4.87528;90.7189;-1;0;
4.89779;90.0744;-1;0;
4.9204;89.4125;-1;0;
4.94311;88.7356;-1;0;
4.96592;88.0458;-1;0;
4.98884;87.3454;-1;0;
5.01187;86.6356;-1;0;
5.03501;85.9173;-1;0;
5.05825;85.1905;-1;0;
5.08159;84.4542;-1;0;
5.10505;83.7069;-1;0;
5.12861;82.9464;-1;0;
5.15229;82.17;-1;0;
5.17607;81.3752;-1;0;
5.19996;80.5594;-1;0;
5.22396;79.7208;-1;0;
5.24807;78.8581;-1;0;
5.2723;77.9713;-1;0;
5.29663;77.0616;-1;0;
5.32108;76.1319;-1;0;
5.34564;75.1861;-1;0;
5.37032;74.2299;-1;0;
5.39511;73.2703;-1;0;
5.42001;72.315;-1;0;
5.44503;71.3728;-1;0;
5.47016;70.4527;-1;0;
5.49541;69.5633;-1;0;
5.52077;68.713;-1;0;
5.54626;67.909;-1;0;
5.57186;67.157;-1;0;
5.59758;66.4611;-1;0;
5.62341;65.8233;-1;0;
5.64937;65.2432;-1;0;
5.67545;64.7187;-1;0;
5.70164;64.245;-1;0;
5.72796;63.8159;-1;0;
5.7544;63.4235;-1;0;
5.78096;63.0585;-1;0;
5.80764;62.7112;-1;0;
5.83445;62.3717;-1;0;
5.86138;62.0302;-1;0;
5.88844;61.6778;-1;0;
5.91562;61.307;-1;0;
5.94292;60.9116;-1;0;
5.97035;60.4873;-1;0;
5.99791;60.0315;-1;0;
6.0256;59.5439;-1;0;
6.05341;59.0256;-1;0;
6.08135;58.4794;-1;0;
6.10942;57.9093;-1;0;
6.13762;57.3202;-1;0;
6.16595;56.7177;-1;0;
6.19441;56.1073;-1;0;
6.223;55.4943;-1;0;
6.25173;54.8836;-1;0;
6.28058;54.2792;-1;0;
6.30957;53.6841;-1;0;
6.3387;53.1006;-1;0;
6.36796;52.5297;-1;0;
6.39735;51.9718;-1;0;
6.42688;51.4265;-1;0;
6.45654;50.893;-1;0;
6.48634;50.3703;-1;0;
6.51628;49.8573;-1;0;
6.54636;49.3533;-1;0;
6.57658;48.858;-1;0;
6.60693;48.3713;-1;0;
6.63743;47.8941;-1;0;
6.66807;47.4274;-1;0;
6.69885;46.9727;-1;0;
6.72977;46.5317;-1;0;
6.76083;46.1061;-1;0;
6.79204;45.6973;-1;0;
6.82339;45.3062;-1;0;
6.85488;44.9331;-1;0;
6.88652;44.5773;-1;0;
6.91831;44.2374;-1;0;
6.95024;43.9109;-1;0;
6.98232;43.5946;-1;0;
7.01455;43.2844;-1;0;
7.04693;42.976;-1;0;
7.07946;42.6648;-1;0;
7.11214;42.3465;-1;0;
7.14496;42.0173;-1;0;
7.17794;41.6741;-1;0;
7.21107;41.315;-1;0;
7.24436;40.9392;-1;0;
7.2778;40.5473;-1;0;
7.31139;40.1409;-1;0;
7.34514;39.723;-1;0;
7.37904;39.2974;-1;0;
7.4131;38.8683;-1;0;
7.44732;38.4403;-1;0;
7.4817;38.0179;-1;0;
7.51623;37.6048;-1;0;
7.55092;37.2043;-1;0;
7.58578;36.8184;-1;0;
7.62079;36.4484;-1;0;
7.65597;36.0942;-1;0;
7.6913;35.7551;-1;0;
7.72681;35.4293;-1;0;
7.76247;35.1148;-1;0;
7.7983;34.8094;-1;0;
7.8343;34.5109;-1;0;
7.87046;34.2174;-1;0;
7.90679;33.9278;-1;0;
7.94328;33.6411;-1;0;
7.97995;33.3574;-1;0;
8.01678;33.0769;-1;0;
8.05378;32.8001;-1;0;
8.09096;32.5278;-1;0;
8.12831;32.2602;-1;0;
8.16582;31.9974;-1;0;
8.20352;31.7387;-1;0;
8.24138;31.483;-1;0;
8.27942;31.2283;-1;0;
8.31764;30.9723;-1;0;
8.35603;30.7124;-1;0;
8.3946;30.4462;-1;0;
8.43335;30.1716;-1;0;
8.47227;29.8873;-1;0;
8.51138;29.593;-1;0;
8.55067;29.2895;-1;0;
8.59014;28.9788;-1;0;
8.62979;28.6642;-1;0;
8.66962;28.3496;-1;0;
8.70964;28.0393;-1;0;
8.74984;27.7378;-1;0;
8.79023;27.4489;-1;0;
8.8308;27.1754;-1;0;
8.87156;26.919;-1;0;
8.91251;26.6798;-1;0;
8.95365;26.4565;-1;0;
8.99498;26.2465;-1;0;
9.03649;26.0462;-1;0;
9.07821;25.8516;-1;0;
9.12011;25.6588;-1;0;
9.1622;25.4642;-1;0;
9.2045;25.2654;-1;0;
9.24698;25.061;-1;0;
9.28966;24.8507;-1;0;
9.33254;24.6352;-1;0;
9.37562;24.4156;-1;0;
9.4189;24.1937;-1;0;
9.46237;23.9705;-1;0;
9.50605;23.7469;-1;0;
9.54993;23.523;-1;0;
9.59401;23.2982;-1;0;
9.63829;23.0717;-1;0;
9.68278;22.8426;-1;0;
9.72747;22.6105;-1;0;
9.77237;22.3757;-1;0;
9.81748;22.1399;-1;0;
9.86279;21.9057;-1;0;
9.90832;21.6765;-1;0;
9.95405;21.4562;-1;0;
10;21.2483;-1;0;

