0.1;68871;-1;0;
0.100462;68844.3;-1;0;
0.100925;68817.3;-1;0;
0.101391;68790.1;-1;0;
0.101859;68762.6;-1;0;
0.102329;68734.9;-1;0;
0.102802;68707;-1;0;
0.103276;68678.8;-1;0;
0.103753;68650.4;-1;0;
0.104232;68621.7;-1;0;
0.104713;68592.7;-1;0;
0.105196;68563.5;-1;0;
0.105682;68534.1;-1;0;
0.10617;68504.4;-1;0;
0.10666;68474.4;-1;0;
0.107152;68444.1;-1;0;
0.107647;68413.6;-1;0;
0.108143;68382.9;-1;0;
0.108643;68351.8;-1;0;
0.109144;68320.5;-1;0;
0.109648;68288.9;-1;0;
0.110154;68257;-1;0;
0.110662;68224.9;-1;0;
0.111173;68192.4;-1;0;
0.111686;68159.7;-1;0;
0.112202;68126.7;-1;0;
0.11272;68093.4;-1;0;
0.11324;68059.8;-1;0;
0.113763;68026;-1;0;
0.114288;67991.8;-1;0;
0.114815;67957.3;-1;0;
0.115345;67922.5;-1;0;
0.115878;67887.5;-1;0;
0.116413;67852.1;-1;0;
0.11695;67816.4;-1;0;
0.11749;67780.4;-1;0;
0.118032;67744.1;-1;0;
0.118577;67707.4;-1;0;
0.119124;67670.5;-1;0;
0.119674;67633.2;-1;0;
0.120226;67595.6;-1;0;
0.120781;67557.7;-1;0;
0.121339;67519.5;-1;0;
0.121899;67480.9;-1;0;
0.122462;67442;-1;0;
0.123027;67402.7;-1;0;
0.123595;67363.1;-1;0;
0.124165;67323.2;-1;0;
0.124738;67282.9;-1;0;
0.125314;67242.3;-1;0;
0.125893;67201.3;-1;0;
0.126474;67160;-1;0;
0.127057;67118.3;-1;0;
0.127644;67076.2;-1;0;
0.128233;67033.8;-1;0;
0.128825;66991.1;-1;0;
0.12942;66947.9;-1;0;
0.130017;66904.4;-1;0;
0.130617;66860.5;-1;0;
0.13122;66816.3;-1;0;
0.131826;66771.6;-1;0;
0.132434;66726.6;-1;0;
0.133045;66681.2;-1;0;
0.13366;66635.4;-1;0;
0.134276;66589.2;-1;0;
0.134896;66542.6;-1;0;
0.135519;66495.6;-1;0;
0.136144;66448.3;-1;0;
0.136773;66400.5;-1;0;
0.137404;66352.3;-1;0;
0.138038;66303.7;-1;0;
0.138676;66254.7;-1;0;
0.139316;66205.2;-1;0;
0.139959;66155.4;-1;0;
0.140605;66105.1;-1;0;
0.141254;66054.4;-1;0;
0.141906;66003.3;-1;0;
0.142561;65951.8;-1;0;
0.143219;65899.8;-1;0;
0.14388;65847.3;-1;0;
0.144544;65794.5;-1;0;
0.145211;65741.1;-1;0;
0.145881;65687.4;-1;0;
0.146555;65633.1;-1;0;
0.147231;65578.5;-1;0;
0.147911;65523.3;-1;0;
0.148594;65467.7;-1;0;
0.149279;65411.7;-1;0;
0.149968;65355.2;-1;0;
0.150661;65298.1;-1;0;
0.151356;65240.7;-1;0;
0.152055;65182.7;-1;0;
0.152757;65124.3;-1;0;
0.153462;65065.3;-1;0;
0.15417;65005.9;-1;0;
0.154882;64946;-1;0;
0.155597;64885.6;-1;0;
0.156315;64824.7;-1;0;
0.157036;64763.3;-1;0;
0.157761;64701.3;-1;0;
0.158489;64638.9;-1;0;
0.159221;64576;-1;0;
0.159956;64512.5;-1;0;
0.160694;64448.5;-1;0;
0.161436;64384;-1;0;
0.162181;64318.9;-1;0;
0.16293;64253.3;-1;0;
0.163682;64187.2;-1;0;
0.164437;64120.6;-1;0;
0.165196;64053.4;-1;0;
0.165959;63985.6;-1;0;
0.166725;63917.3;-1;0;
0.167494;63848.4;-1;0;
0.168267;63779;-1;0;
0.169044;63709;-1;0;
0.169824;63638.4;-1;0;
0.170608;63567.3;-1;0;
0.171396;63495.6;-1;0;
0.172187;63423.3;-1;0;
0.172982;63350.5;-1;0;
0.17378;63277;-1;0;
0.174582;63202.9;-1;0;
0.175388;63128.3;-1;0;
0.176198;63053.1;-1;0;
0.177011;62977.2;-1;0;
0.177828;62900.8;-1;0;
0.178649;62823.7;-1;0;
0.179473;62746;-1;0;
0.180302;62667.7;-1;0;
0.181134;62588.8;-1;0;
0.18197;62509.2;-1;0;
0.18281;62429.1;-1;0;
0.183654;62348.2;-1;0;
0.184502;62266.8;-1;0;
0.185353;62184.7;-1;0;
0.186209;62101.9;-1;0;
0.187068;62018.5;-1;0;
0.187932;61934.5;-1;0;
0.188799;61849.8;-1;0;
0.189671;61764.4;-1;0;
0.190546;61678.3;-1;0;
0.191426;61591.6;-1;0;
0.192309;61504.2;-1;0;
0.193197;61416.2;-1;0;
0.194089;61327.4;-1;0;
0.194984;61238;-1;0;
0.195884;61147.8;-1;0;
0.196789;61057;-1;0;
0.197697;60965.4;-1;0;
0.198609;60873.2;-1;0;
0.199526;60780.3;-1;0;
0.200447;60686.6;-1;0;
0.201372;60592.2;-1;0;
0.202302;60497.1;-1;0;
0.203236;60401.3;-1;0;
0.204174;60304.7;-1;0;
0.205116;60207.5;-1;0;
0.206063;60109.4;-1;0;
0.207014;60010.7;-1;0;
0.20797;59911.2;-1;0;
0.20893;59810.9;-1;0;
0.209894;59709.9;-1;0;
0.210863;59608.1;-1;0;
0.211836;59505.6;-1;0;
0.212814;59402.3;-1;0;
0.213796;59298.2;-1;0;
0.214783;59193.4;-1;0;
0.215774;59087.8;-1;0;
0.21677;58981.4;-1;0;
0.217771;58874.2;-1;0;
0.218776;58766.2;-1;0;
0.219786;58657.5;-1;0;
0.2208;58547.9;-1;0;
0.22182;58437.5;-1;0;
0.222844;58326.4;-1;0;
0.223872;58214.4;-1;0;
0.224905;58101.6;-1;0;
0.225944;57988;-1;0;
0.226986;57873.6;-1;0;
0.228034;57758.3;-1;0;
0.229087;57642.3;-1;0;
0.230144;57525.4;-1;0;
0.231206;57407.6;-1;0;
0.232274;57289;-1;0;
0.233346;57169.6;-1;0;
0.234423;57049.3;-1;0;
0.235505;56928.2;-1;0;
0.236592;56806.3;-1;0;
0.237684;56683.4;-1;0;
0.238781;56559.8;-1;0;
0.239883;56435.2;-1;0;
0.240991;56309.8;-1;0;
0.242103;56183.5;-1;0;
0.24322;56056.4;-1;0;
0.244343;55928.3;-1;0;
0.245471;55799.4;-1;0;
0.246604;55669.6;-1;0;
0.247742;55538.9;-1;0;
0.248886;55407.4;-1;0;
0.250035;55274.9;-1;0;
0.251189;55141.6;-1;0;
0.252348;55007.3;-1;0;
0.253513;54872.1;-1;0;
0.254683;54736.1;-1;0;
0.255859;54599.1;-1;0;
0.25704;54461.3;-1;0;
0.258226;54322.5;-1;0;
0.259418;54182.8;-1;0;
0.260615;54042.2;-1;0;
0.261818;53900.6;-1;0;
0.263027;53758.2;-1;0;
0.264241;53614.8;-1;0;
0.265461;53470.5;-1;0;
0.266686;53325.2;-1;0;
0.267917;53179.1;-1;0;
0.269153;53032;-1;0;
0.270396;52883.9;-1;0;
0.271644;52735;-1;0;
0.272898;52585.1;-1;0;
0.274157;52434.2;-1;0;
0.275423;52282.4;-1;0;
0.276694;52129.7;-1;0;
0.277971;51976;-1;0;
0.279254;51821.4;-1;0;
0.280543;51665.8;-1;0;
0.281838;51509.3;-1;0;
0.283139;51351.8;-1;0;
0.284446;51193.4;-1;0;
0.285759;51034;-1;0;
0.287078;50873.7;-1;0;
0.288403;50712.4;-1;0;
0.289734;50550.1;-1;0;
0.291072;50386.9;-1;0;
0.292415;50222.8;-1;0;
0.293765;50057.7;-1;0;
0.295121;49891.6;-1;0;
0.296483;49724.6;-1;0;
0.297852;49556.6;-1;0;
0.299226;49387.6;-1;0;
0.300608;49217.7;-1;0;
0.301995;49046.9;-1;0;
0.303389;48875.1;-1;0;
0.304789;48702.3;-1;0;
0.306196;48528.6;-1;0;
0.30761;48353.9;-1;0;
0.30903;48178.3;-1;0;
0.310456;48001.7;-1;0;
0.311889;47824.2;-1;0;
0.313329;47645.7;-1;0;
0.314775;47466.3;-1;0;
0.316228;47285.9;-1;0;
0.317687;47104.6;-1;0;
0.319154;46922.3;-1;0;
0.320627;46739.1;-1;0;
0.322107;46555;-1;0;
0.323594;46369.9;-1;0;
0.325087;46183.9;-1;0;
0.326588;45996.9;-1;0;
0.328095;45809;-1;0;
0.32961;45620.2;-1;0;
0.331131;45430.5;-1;0;
0.33266;45239.9;-1;0;
0.334195;45048.3;-1;0;
0.335738;44855.8;-1;0;
0.337287;44662.4;-1;0;
0.338844;44468.2;-1;0;
0.340408;44273;-1;0;
0.341979;44076.9;-1;0;
0.343558;43879.9;-1;0;
0.345144;43682;-1;0;
0.346737;43483.3;-1;0;
0.348337;43283.7;-1;0;
0.349945;43083.2;-1;0;
0.35156;42881.8;-1;0;
0.353183;42679.6;-1;0;
0.354813;42476.5;-1;0;
0.356451;42272.5;-1;0;
0.358096;42067.7;-1;0;
0.359749;41862.1;-1;0;
0.36141;41655.7;-1;0;
0.363078;41448.4;-1;0;
0.364754;41240.3;-1;0;
0.366438;41031.4;-1;0;
0.368129;40821.7;-1;0;
0.369828;40611.2;-1;0;
0.371535;40399.9;-1;0;
0.37325;40187.8;-1;0;
0.374973;39975;-1;0;
0.376704;39761.4;-1;0;
0.378443;39547;-1;0;
0.380189;39331.9;-1;0;
0.381944;39116;-1;0;
0.383707;38899.5;-1;0;
0.385478;38682.2;-1;0;
0.387258;38464.2;-1;0;
0.389045;38245.4;-1;0;
0.390841;38026.1;-1;0;
0.392645;37806;-1;0;
0.394457;37585.2;-1;0;
0.396278;37363.8;-1;0;
0.398107;37141.8;-1;0;
0.399945;36919.1;-1;0;
0.401791;36695.8;-1;0;
0.403645;36471.9;-1;0;
0.405509;36247.4;-1;0;
0.40738;36022.3;-1;0;
0.409261;35796.6;-1;0;
0.41115;35570.4;-1;0;
0.413048;35343.6;-1;0;
0.414954;35116.3;-1;0;
0.416869;34888.4;-1;0;
0.418794;34660;-1;0;
0.420727;34431.2;-1;0;
0.422669;34201.8;-1;0;
0.42462;33972;-1;0;
0.42658;33741.8;-1;0;
0.428549;33511.1;-1;0;
0.430527;33280;-1;0;
0.432514;33048.4;-1;0;
0.43451;32816.5;-1;0;
0.436516;32584.2;-1;0;
0.438531;32351.5;-1;0;
0.440555;32118.5;-1;0;
0.442588;31885.2;-1;0;
0.444631;31651.5;-1;0;
0.446684;31417.6;-1;0;
0.448745;31183.4;-1;0;
0.450817;30948.9;-1;0;
0.452898;30714.1;-1;0;
0.454988;30479.2;-1;0;
0.457088;30244;-1;0;
0.459198;30008.7;-1;0;
0.461318;29773.1;-1;0;
0.463447;29537.5;-1;0;
0.465586;29301.6;-1;0;
0.467735;29065.7;-1;0;
0.469894;28829.7;-1;0;
0.472063;28593.5;-1;0;
0.474242;28357.4;-1;0;
0.476431;28121.2;-1;0;
0.47863;27884.9;-1;0;
0.480839;27648.7;-1;0;
0.483059;27412.5;-1;0;
0.485289;27176.3;-1;0;
0.487528;26940.2;-1;0;
0.489779;26704.2;-1;0;
0.49204;26468.3;-1;0;
0.494311;26232.5;-1;0;
0.496592;25996.8;-1;0;
0.498884;25761.3;-1;0;
0.501187;25526;-1;0;
0.503501;25290.9;-1;0;
0.505825;25056.1;-1;0;
0.508159;24821.5;-1;0;
0.510505;24587.1;-1;0;
0.512861;24353.1;-1;0;
0.515229;24119.4;-1;0;
0.517607;23886;-1;0;
0.519996;23653;-1;0;
0.522396;23420.3;-1;0;
0.524807;23188.1;-1;0;
0.52723;22956.3;-1;0;
0.529663;22725;-1;0;
0.532108;22494.1;-1;0;
0.534564;22263.7;-1;0;
0.537032;22033.8;-1;0;
0.539511;21804.5;-1;0;
0.542001;21575.8;-1;0;
0.544503;21347.6;-1;0;
0.547016;21120.1;-1;0;
0.549541;20893.1;-1;0;
0.552077;20666.9;-1;0;
0.554626;20441.3;-1;0;
0.557186;20216.4;-1;0;
0.559758;19992.2;-1;0;
0.562341;19768.8;-1;0;
0.564937;19546.1;-1;0;
0.567545;19324.3;-1;0;
0.570164;19103.2;-1;0;
0.572796;18883;-1;0;
0.57544;18663.6;-1;0;
0.578096;18445.1;-1;0;
0.580764;18227.5;-1;0;
0.583445;18010.9;-1;0;
0.586138;17795.1;-1;0;
0.588844;17580.4;-1;0;
0.591562;17366.6;-1;0;
0.594292;17153.8;-1;0;
0.597035;16942.1;-1;0;
0.599791;16731.4;-1;0;
0.60256;16521.7;-1;0;
0.605341;16313.2;-1;0;
0.608135;16105.7;-1;0;
0.610942;15899.4;-1;0;
0.613762;15694.2;-1;0;
0.616595;15490.2;-1;0;
0.619441;15287.4;-1;0;
0.6223;15085.8;-1;0;
0.625173;14885.4;-1;0;
0.628058;14686.2;-1;0;
0.630957;14488.3;-1;0;
0.63387;14291.7;-1;0;
0.636796;14096.3;-1;0;
0.639735;13902.3;-1;0;
0.642688;13709.5;-1;0;
0.645654;13518.2;-1;0;
0.648634;13328.1;-1;0;
0.651628;13139.5;-1;0;
0.654636;12952.2;-1;0;
0.657658;12766.3;-1;0;
0.660693;12581.8;-1;0;
0.663743;12398.8;-1;0;
0.666807;12217.2;-1;0;
0.669885;12037;-1;0;
0.672977;11858.3;-1;0;
0.676083;11681;-1;0;
0.679204;11505.3;-1;0;
0.682339;11331;-1;0;
0.685488;11158.3;-1;0;
0.688652;10987;-1;0;
0.691831;10817.3;-1;0;
0.695024;10649.1;-1;0;
0.698232;10482.5;-1;0;
0.701455;10317.3;-1;0;
0.704693;10153.8;-1;0;
0.707946;9991.79;-1;0;
0.711214;9831.35;-1;0;
0.714496;9672.48;-1;0;
0.717794;9515.19;-1;0;
0.721107;9359.47;-1;0;
0.724436;9205.34;-1;0;
0.72778;9052.79;-1;0;
0.731139;8901.83;-1;0;
0.734514;8752.45;-1;0;
0.737904;8604.67;-1;0;
0.74131;8458.48;-1;0;
0.744732;8313.88;-1;0;
0.74817;8170.87;-1;0;
0.751623;8029.45;-1;0;
0.755092;7889.62;-1;0;
0.758578;7751.38;-1;0;
0.762079;7614.72;-1;0;
0.765597;7479.64;-1;0;
0.76913;7346.14;-1;0;
0.772681;7214.21;-1;0;
0.776247;7083.86;-1;0;
0.77983;6955.07;-1;0;
0.78343;6827.83;-1;0;
0.787046;6702.15;-1;0;
0.790679;6578.01;-1;0;
0.794328;6455.42;-1;0;
0.797995;6334.35;-1;0;
0.801678;6214.81;-1;0;
0.805378;6096.78;-1;0;
0.809096;5980.26;-1;0;
0.812831;5865.23;-1;0;
0.816582;5751.7;-1;0;
0.820352;5639.64;-1;0;
0.824138;5529.04;-1;0;
0.827942;5419.9;-1;0;
0.831764;5312.21;-1;0;
0.835603;5205.95;-1;0;
0.83946;5101.12;-1;0;
0.843335;4997.69;-1;0;
0.847227;4895.66;-1;0;
0.851138;4795.02;-1;0;
0.855067;4695.75;-1;0;
0.859014;4597.84;-1;0;
0.862979;4501.27;-1;0;
0.866962;4406.04;-1;0;
0.870964;4312.13;-1;0;
0.874984;4219.53;-1;0;
0.879023;4128.22;-1;0;
0.88308;4038.19;-1;0;
0.887156;3949.42;-1;0;
0.891251;3861.9;-1;0;
0.895365;3775.63;-1;0;
0.899498;3690.57;-1;0;
0.903649;3606.73;-1;0;
0.907821;3524.09;-1;0;
0.912011;3442.63;-1;0;
0.91622;3362.33;-1;0;
0.92045;3283.2;-1;0;
0.924698;3205.2;-1;0;
0.928966;3128.34;-1;0;
0.933254;3052.6;-1;0;
0.937562;2977.96;-1;0;
0.94189;2904.41;-1;0;
0.946237;2831.94;-1;0;
0.950605;2760.54;-1;0;
0.954993;2690.2;-1;0;
0.959401;2620.9;-1;0;
0.963829;2552.64;-1;0;
0.968278;2485.4;-1;0;
0.972747;2419.18;-1;0;
0.977237;2353.96;-1;0;
0.981748;2289.73;-1;0;
0.986279;2226.49;-1;0;
0.990832;2164.23;-1;0;
0.995405;2102.94;-1;0;
1;2042.6;-1;0;
1.00462;1983.23;-1;0;
1.00925;1924.79;-1;0;
1.01391;1867.3;-1;0;
1.01859;1810.75;-1;0;
1.02329;1755.12;-1;0;
1.02802;1700.42;-1;0;
1.03276;1646.63;-1;0;
1.03753;1593.77;-1;0;
1.04232;1541.81;-1;0;
1.04713;1490.77;-1;0;
1.05196;1440.63;-1;0;
1.05682;1391.39;-1;0;
1.0617;1343.06;-1;0;
1.0666;1295.63;-1;0;
1.07152;1249.09;-1;0;
1.07647;1203.46;-1;0;
1.08143;1158.73;-1;0;
1.08643;1114.9;-1;0;
1.09144;1071.96;-1;0;
1.09648;1029.93;-1;0;
1.10154;988.797;-1;0;
1.10662;948.569;-1;0;
1.11173;909.246;-1;0;
1.11686;870.829;-1;0;
1.12202;833.32;-1;0;
1.1272;796.722;-1;0;
1.1324;761.037;-1;0;
1.13763;726.267;-1;0;
1.14288;692.414;-1;0;
1.14815;659.481;-1;0;
1.15345;627.47;-1;0;
1.15878;596.383;-1;0;
1.16413;566.222;-1;0;
1.1695;536.989;-1;0;
1.1749;508.687;-1;0;
1.18032;481.316;-1;0;
1.18577;454.877;-1;0;
1.19124;429.372;-1;0;
1.19674;404.801;-1;0;
1.20226;381.164;-1;0;
1.20781;358.461;-1;0;
1.21339;336.691;-1;0;
1.21899;315.852;-1;0;
1.22462;295.942;-1;0;
1.23027;276.96;-1;0;
1.23595;258.901;-1;0;
1.24165;241.762;-1;0;
1.24738;225.538;-1;0;
1.25314;210.223;-1;0;
1.25893;195.812;-1;0;
1.26474;182.297;-1;0;
1.27057;169.67;-1;0;
1.27644;157.922;-1;0;
1.28233;147.045;-1;0;
1.28825;137.025;-1;0;
1.2942;127.854;-1;0;
1.30017;119.516;-1;0;
1.30617;112;-1;0;
1.3122;105.291;-1;0;
1.31826;99.3717;-1;0;
1.32434;94.2271;-1;0;
1.33045;89.8392;-1;0;
1.3366;86.1894;-1;0;
1.34276;83.2581;-1;0;
1.34896;81.0249;-1;0;
1.35519;79.4682;-1;0;
1.36144;78.5657;-1;0;
1.36773;78.294;-1;0;
1.37404;78.6289;-1;0;
1.38038;79.5455;-1;0;
1.38676;81.0178;-1;0;
1.39316;83.0194;-1;0;
1.39959;85.5228;-1;0;
1.40605;88.5001;-1;0;
1.41254;91.9227;-1;0;
1.41906;95.7615;-1;0;
1.42561;99.9868;-1;0;
1.43219;104.569;-1;0;
1.4388;109.477;-1;0;
1.44544;114.68;-1;0;
1.45211;120.148;-1;0;
1.45881;125.849;-1;0;
1.46555;131.752;-1;0;
1.47231;137.827;-1;0;
1.47911;144.042;-1;0;
1.48594;150.366;-1;0;
1.49279;156.769;-1;0;
1.49968;163.222;-1;0;
1.50661;169.693;-1;0;
1.51356;176.154;-1;0;
1.52055;182.577;-1;0;
1.52757;188.933;-1;0;
1.53462;195.195;-1;0;
1.5417;201.339;-1;0;
1.54882;207.337;-1;0;
1.55597;213.166;-1;0;
1.56315;218.803;-1;0;
1.57036;224.227;-1;0;
1.57761;229.415;-1;0;
1.58489;234.35;-1;0;
1.59221;239.013;-1;0;
1.59956;243.387;-1;0;
1.60694;247.458;-1;0;
1.61436;251.212;-1;0;
1.62181;254.636;-1;0;
1.6293;257.721;-1;0;
1.63682;260.457;-1;0;
1.64437;262.838;-1;0;
1.65196;264.857;-1;0;
1.65959;266.51;-1;0;
1.66725;267.796;-1;0;
1.67494;268.713;-1;0;
1.68267;269.262;-1;0;
1.69044;269.446;-1;0;
1.69824;269.268;-1;0;
1.70608;268.733;-1;0;
1.71396;267.849;-1;0;
1.72187;266.624;-1;0;
1.72982;265.066;-1;0;
1.7378;263.187;-1;0;
1.74582;260.997;-1;0;
1.75388;258.511;-1;0;
1.76198;255.742;-1;0;
1.77011;252.704;-1;0;
1.77828;249.412;-1;0;
1.78649;245.884;-1;0;
1.79473;242.135;-1;0;
1.80302;238.183;-1;0;
1.81134;234.045;-1;0;
1.8197;229.739;-1;0;
1.8281;225.283;-1;0;
1.83654;220.695;-1;0;
1.84502;215.991;-1;0;
1.85353;211.191;-1;0;
1.86209;206.311;-1;0;
1.87068;201.368;-1;0;
1.87932;196.378;-1;0;
1.88799;191.358;-1;0;
1.89671;186.322;-1;0;
1.90546;181.284;-1;0;
1.91426;176.258;-1;0;
1.92309;171.258;-1;0;
1.93197;166.293;-1;0;
1.94089;161.376;-1;0;
1.94984;156.515;-1;0;
1.95884;151.72;-1;0;
1.96789;146.997;-1;0;
1.97697;142.354;-1;0;
1.98609;137.795;-1;0;
1.99526;133.325;-1;0;
2.00447;128.947;-1;0;
2.01372;124.664;-1;0;
2.02302;120.476;-1;0;
2.03236;116.385;-1;0;
2.04174;112.389;-1;0;
2.05116;108.487;-1;0;
2.06063;104.678;-1;0;
2.07014;100.958;-1;0;
2.0797;97.3255;-1;0;
2.0893;93.776;-1;0;
2.09894;90.3057;-1;0;
2.10863;86.9107;-1;0;
2.11836;83.5866;-1;0;
2.12814;80.3292;-1;0;
2.13796;77.1342;-1;0;
2.14783;73.9977;-1;0;
2.15774;70.9159;-1;0;
2.1677;67.8854;-1;0;
2.17771;64.9031;-1;0;
2.18776;61.9667;-1;0;
2.19786;59.0744;-1;0;
2.208;56.2249;-1;0;
2.2182;53.4178;-1;0;
2.22844;50.6533;-1;0;
2.23872;47.9326;-1;0;
2.24905;45.2574;-1;0;
2.25944;42.6305;-1;0;
2.26986;40.0553;-1;0;
2.28034;37.536;-1;0;
2.29087;35.0776;-1;0;
2.30144;32.6857;-1;0;
2.31206;30.3666;-1;0;
2.32274;28.1271;-1;0;
2.33346;25.9745;-1;0;
2.34423;23.9164;-1;0;
2.35505;21.9607;-1;0;
2.36592;20.1155;-1;0;
2.37684;18.3888;-1;0;
2.38781;16.7887;-1;0;
2.39883;15.3227;-1;0;
2.40991;13.9982;-1;0;
2.42103;12.8221;-1;0;
2.4322;11.8005;-1;0;
2.44343;10.9388;-1;0;
2.45471;10.2417;-1;0;
2.46604;9.71246;-1;0;
2.47742;9.35359;-1;0;
2.48886;9.16622;-1;0;
2.50035;9.15021;-1;0;
2.51189;9.30406;-1;0;
2.52348;9.62485;-1;0;
2.53513;10.1082;-1;0;
2.54683;10.7483;-1;0;
2.55859;11.5377;-1;0;
2.5704;12.4679;-1;0;
2.58226;13.5285;-1;0;
2.59418;14.7082;-1;0;
2.60615;15.9942;-1;0;
2.61818;17.3728;-1;0;
2.63027;18.8289;-1;0;
2.64241;20.3469;-1;0;
2.65461;21.9103;-1;0;
2.66686;23.5021;-1;0;
2.67917;25.1049;-1;0;
2.69153;26.7012;-1;0;
2.70396;28.2734;-1;0;
2.71644;29.8043;-1;0;
2.72898;31.277;-1;0;
2.74157;32.6752;-1;0;
2.75423;33.9837;-1;0;
2.76694;35.1879;-1;0;
2.77971;36.2749;-1;0;
2.79254;37.2327;-1;0;
2.80543;38.051;-1;0;
2.81838;38.7214;-1;0;
2.83139;39.2368;-1;0;
2.84446;39.5922;-1;0;
2.85759;39.7845;-1;0;
2.87078;39.8124;-1;0;
2.88403;39.6766;-1;0;
2.89734;39.3797;-1;0;
2.91072;38.9261;-1;0;
2.92415;38.3221;-1;0;
2.93765;37.5754;-1;0;
2.95121;36.6956;-1;0;
2.96483;35.6932;-1;0;
2.97852;34.5803;-1;0;
2.99226;33.3699;-1;0;
3.00608;32.0757;-1;0;
3.01995;30.712;-1;0;
3.03389;29.2935;-1;0;
3.04789;27.8351;-1;0;
3.06196;26.3514;-1;0;
3.0761;24.857;-1;0;
3.0903;23.3656;-1;0;
3.10456;21.8905;-1;0;
3.11889;20.4438;-1;0;
3.13329;19.0368;-1;0;
3.14775;17.6795;-1;0;
3.16228;16.3805;-1;0;
3.17687;15.1472;-1;0;
3.19154;13.9854;-1;0;
3.20627;12.8994;-1;0;
3.22107;11.8923;-1;0;
3.23594;10.9654;-1;0;
3.25087;10.1191;-1;0;
3.26588;9.35221;-1;0;
3.28095;8.6625;-1;0;
3.2961;8.04678;-1;0;
3.31131;7.50099;-1;0;
3.3266;7.02043;-1;0;
3.34195;6.59989;-1;0;
3.35738;6.23387;-1;0;
3.37287;5.91674;-1;0;
3.38844;5.64293;-1;0;
3.40408;5.40709;-1;0;
3.41979;5.20424;-1;0;
3.43558;5.02992;-1;0;
3.45144;4.88028;-1;0;
3.46737;4.75217;-1;0;
3.48337;4.64321;-1;0;
3.49945;4.5518;-1;0;
3.5156;4.47713;-1;0;
3.53183;4.41914;-1;0;
3.54813;4.37848;-1;0;
3.56451;4.35637;-1;0;
3.58096;4.35456;-1;0;
3.59749;4.37513;-1;0;
3.6141;4.42038;-1;0;
3.63078;4.49266;-1;0;
3.64754;4.59421;-1;0;
3.66438;4.72696;-1;0;
3.68129;4.8924;-1;0;
3.69828;5.09143;-1;0;
3.71535;5.32421;-1;0;
3.7325;5.59003;-1;0;
3.74973;5.88728;-1;0;
3.76704;6.21332;-1;0;
3.78443;6.56452;-1;0;
3.80189;6.93622;-1;0;
3.81944;7.32284;-1;0;
3.83707;7.71788;-1;0;
3.85478;8.11412;-1;0;
3.87258;8.50372;-1;0;
3.89045;8.87841;-1;0;
3.90841;9.22971;-1;0;
3.92645;9.54911;-1;0;
3.94457;9.82835;-1;0;
3.96278;10.0596;-1;0;
3.98107;10.2358;-1;0;
3.99945;10.3507;-1;0;
4.01791;10.3991;-1;0;
4.03645;10.3774;-1;0;
4.05509;10.2832;-1;0;
4.0738;10.1155;-1;0;
4.09261;9.87526;-1;0;
4.1115;9.56485;-1;0;
4.13048;9.1883;-1;0;
4.14954;8.75116;-1;0;
4.16869;8.26042;-1;0;
4.18794;7.72427;-1;0;
4.20727;7.152;-1;0;
4.22669;6.55368;-1;0;
4.2462;5.93994;-1;0;
4.2658;5.32168;-1;0;
4.28549;4.70979;-1;0;
4.30527;4.11484;-1;0;
4.32514;3.54684;-1;0;
4.3451;3.01493;-1;0;
4.36516;2.52719;-1;0;
4.38531;2.09041;-1;0;
4.40555;1.70996;-1;0;
4.42588;1.38965;-1;0;
4.44631;1.1317;-1;0;
4.46684;0.936712;-1;0;
4.48745;0.803722;-1;0;
4.50817;0.730294;-1;0;
4.52898;0.712662;-1;0;
4.54988;0.745906;-1;0;
4.57088;0.824166;-1;0;
4.59198;0.940883;-1;0;
4.61318;1.08904;-1;0;
4.63447;1.26145;-1;0;
4.65586;1.45093;-1;0;
4.67735;1.65065;-1;0;
4.69894;1.85423;-1;0;
4.72063;2.05599;-1;0;
4.74242;2.25106;-1;0;
4.76431;2.43548;-1;0;
4.7863;2.60622;-1;0;
4.80839;2.76122;-1;0;
4.83059;2.89933;-1;0;
4.85289;3.02018;-1;0;
4.87528;3.12411;-1;0;
4.89779;3.21199;-1;0;
4.9204;3.28504;-1;0;
4.94311;3.34467;-1;0;
4.96592;3.39229;-1;0;
4.98884;3.42914;-1;0;
5.01187;3.45615;-1;0;
5.03501;3.47383;-1;0;
5.05825;3.4822;-1;0;
5.08159;3.48075;-1;0;
5.10505;3.46847;-1;0;
5.12861;3.44389;-1;0;
5.15229;3.40524;-1;0;
5.17607;3.35051;-1;0;
5.19996;3.27771;-1;0;
5.22396;3.18501;-1;0;
5.24807;3.07094;-1;0;
5.2723;2.93462;-1;0;
5.29663;2.7759;-1;0;
5.32108;2.59553;-1;0;
5.34564;2.39525;-1;0;
5.37032;2.17782;-1;0;
5.39511;1.94703;-1;0;
5.42001;1.70765;-1;0;
5.44503;1.46522;-1;0;
5.47016;1.22593;-1;0;
5.49541;0.996332;-1;0;
5.52077;0.783058;-1;0;
5.54626;0.592525;-1;0;
5.57186;0.430599;-1;0;
5.59758;0.302301;-1;0;
5.62341;0.211515;-1;0;
5.64937;0.160763;-1;0;
5.67545;0.151034;-1;0;
5.70164;0.181686;-1;0;
5.72796;0.250435;-1;0;
5.7544;0.353434;-1;0;
5.78096;0.485433;-1;0;
5.80764;0.64002;-1;0;
5.83445;0.80993;-1;0;
5.86138;0.987406;-1;0;
5.88844;1.16458;-1;0;
5.91562;1.33387;-1;0;
5.94292;1.48837;-1;0;
5.97035;1.62213;-1;0;
5.99791;1.73051;-1;0;
6.0256;1.81031;-1;0;
6.05341;1.85987;-1;0;
6.08135;1.87909;-1;0;
6.10942;1.86933;-1;0;
6.13762;1.83323;-1;0;
6.16595;1.77441;-1;0;
6.19441;1.69722;-1;0;
6.223;1.60632;-1;0;
6.25173;1.50643;-1;0;
6.28058;1.40191;-1;0;
6.30957;1.29657;-1;0;
6.3387;1.19342;-1;0;
6.36796;1.09461;-1;0;
6.39735;1.00135;-1;0;
6.42688;0.914016;-1;0;
6.45654;0.832306;-1;0;
6.48634;0.75545;-1;0;
6.51628;0.682471;-1;0;
6.54636;0.612461;-1;0;
6.57658;0.54483;-1;0;
6.60693;0.479521;-1;0;
6.63743;0.417143;-1;0;
6.66807;0.359024;-1;0;
6.69885;0.307157;-1;0;
6.72977;0.264056;-1;0;
6.76083;0.232518;-1;0;
6.79204;0.215325;-1;0;
6.82339;0.214905;-1;0;
6.85488;0.232998;-1;0;
6.88652;0.270348;-1;0;
6.91831;0.326473;-1;0;
6.95024;0.399536;-1;0;
6.98232;0.486336;-1;0;
7.01455;0.582428;-1;0;
7.04693;0.682381;-1;0;
7.07946;0.780137;-1;0;
7.11214;0.869461;-1;0;
7.14496;0.944426;-1;0;
7.17794;0.999901;-1;0;
7.21107;1.03198;-1;0;
7.24436;1.03834;-1;0;
7.2778;1.0184;-1;0;
7.31139;0.973457;-1;0;
7.34514;0.906488;-1;0;
7.37904;0.821947;-1;0;
7.4131;0.725349;-1;0;
7.44732;0.622784;-1;0;
7.4817;0.5204;-1;0;
7.51623;0.423882;-1;0;
7.55092;0.338006;-1;0;
7.58578;0.266298;-1;0;
7.62079;0.210844;-1;0;
7.65597;0.172248;-1;0;
7.6913;0.149756;-1;0;
7.72681;0.141515;-1;0;
7.76247;0.144927;-1;0;
7.7983;0.157057;-1;0;
7.8343;0.175037;-1;0;
7.87046;0.196411;-1;0;
7.90679;0.219381;-1;0;
7.94328;0.242924;-1;0;
7.97995;0.266766;-1;0;
8.01678;0.291226;-1;0;
8.05378;0.316949;-1;0;
8.09096;0.344591;-1;0;
8.12831;0.374491;-1;0;
8.16582;0.406389;-1;0;
8.20352;0.439258;-1;0;
8.24138;0.47125;-1;0;
8.27942;0.499817;-1;0;
8.31764;0.521951;-1;0;
8.35603;0.534564;-1;0;
8.3946;0.534911;-1;0;
8.43335;0.521035;-1;0;
8.47227;0.492137;-1;0;
8.51138;0.448829;-1;0;
8.55067;0.393217;-1;0;
8.59014;0.328793;-1;0;
8.62979;0.260132;-1;0;
8.66962;0.192436;-1;0;
8.70964;0.130974;-1;0;
8.74984;0.0804972;-1;0;
8.79023;0.044691;-1;0;
8.8308;0.0257664;-1;0;
8.87156;0.0242256;-1;0;
8.91251;0.0388465;-1;0;
8.95365;0.0668862;-1;0;
8.99498;0.104472;-1;0;
9.03649;0.147125;-1;0;
9.07821;0.19033;-1;0;
9.12011;0.230083;-1;0;
9.1622;0.263318;-1;0;
9.2045;0.288164;-1;0;
9.24698;0.304004;-1;0;
9.28966;0.311325;-1;0;
9.33254;0.311419;-1;0;
9.37562;0.305971;-1;0;
9.4189;0.296645;-1;0;
9.46237;0.284728;-1;0;
9.50605;0.270911;-1;0;
9.54993;0.255247;-1;0;
9.59401;0.237288;-1;0;
9.63829;0.21637;-1;0;
9.68278;0.191987;-1;0;
9.72747;0.164152;-1;0;
9.77237;0.133678;-1;0;
9.81748;0.102286;-1;0;
9.86279;0.0725111;-1;0;
9.90832;0.0473898;-1;0;
9.95405;0.0299929;-1;0;
10;0.0228703;-1;0;

