0.1;64121.1;-1;0;
0.100462;64053.5;-1;0;
0.100925;63985.4;-1;0;
0.101391;63916.7;-1;0;
0.101859;63847.5;-1;0;
0.102329;63777.7;-1;0;
0.102802;63707.3;-1;0;
0.103276;63636.3;-1;0;
0.103753;63564.8;-1;0;
0.104232;63492.7;-1;0;
0.104713;63419.9;-1;0;
0.105196;63346.6;-1;0;
0.105682;63272.7;-1;0;
0.10617;63198.2;-1;0;
0.10666;63123;-1;0;
0.107152;63047.3;-1;0;
0.107647;62971;-1;0;
0.108143;62894;-1;0;
0.108643;62816.4;-1;0;
0.109144;62738.2;-1;0;
0.109648;62659.3;-1;0;
0.110154;62579.8;-1;0;
0.110662;62499.7;-1;0;
0.111173;62418.9;-1;0;
0.111686;62337.5;-1;0;
0.112202;62255.4;-1;0;
0.11272;62172.6;-1;0;
0.11324;62089.2;-1;0;
0.113763;62005.2;-1;0;
0.114288;61920.4;-1;0;
0.114815;61835;-1;0;
0.115345;61748.9;-1;0;
0.115878;61662.1;-1;0;
0.116413;61574.7;-1;0;
0.11695;61486.5;-1;0;
0.11749;61397.7;-1;0;
0.118032;61308.1;-1;0;
0.118577;61217.8;-1;0;
0.119124;61126.9;-1;0;
0.119674;61035.2;-1;0;
0.120226;60942.8;-1;0;
0.120781;60849.6;-1;0;
0.121339;60755.8;-1;0;
0.121899;60661.2;-1;0;
0.122462;60565.9;-1;0;
0.123027;60469.8;-1;0;
0.123595;60373;-1;0;
0.124165;60275.4;-1;0;
0.124738;60177.1;-1;0;
0.125314;60078;-1;0;
0.125893;59978.2;-1;0;
0.126474;59877.6;-1;0;
0.127057;59776.2;-1;0;
0.127644;59674;-1;0;
0.128233;59571.1;-1;0;
0.128825;59467.4;-1;0;
0.12942;59362.9;-1;0;
0.130017;59257.6;-1;0;
0.130617;59151.5;-1;0;
0.13122;59044.6;-1;0;
0.131826;58936.8;-1;0;
0.132434;58828.3;-1;0;
0.133045;58719;-1;0;
0.13366;58608.8;-1;0;
0.134276;58497.8;-1;0;
0.134896;58386;-1;0;
0.135519;58273.4;-1;0;
0.136144;58159.9;-1;0;
0.136773;58045.5;-1;0;
0.137404;57930.4;-1;0;
0.138038;57814.3;-1;0;
0.138676;57697.4;-1;0;
0.139316;57579.7;-1;0;
0.139959;57461.1;-1;0;
0.140605;57341.6;-1;0;
0.141254;57221.3;-1;0;
0.141906;57100.1;-1;0;
0.142561;56978;-1;0;
0.143219;56855;-1;0;
0.14388;56731.1;-1;0;
0.144544;56606.4;-1;0;
0.145211;56480.7;-1;0;
0.145881;56354.1;-1;0;
0.146555;56226.7;-1;0;
0.147231;56098.3;-1;0;
0.147911;55969;-1;0;
0.148594;55838.8;-1;0;
0.149279;55707.7;-1;0;
0.149968;55575.7;-1;0;
0.150661;55442.7;-1;0;
0.151356;55308.8;-1;0;
0.152055;55174;-1;0;
0.152757;55038.2;-1;0;
0.153462;54901.5;-1;0;
0.15417;54763.9;-1;0;
0.154882;54625.3;-1;0;
0.155597;54485.7;-1;0;
0.156315;54345.2;-1;0;
0.157036;54203.7;-1;0;
0.157761;54061.3;-1;0;
0.158489;53917.9;-1;0;
0.159221;53773.5;-1;0;
0.159956;53628.2;-1;0;
0.160694;53481.9;-1;0;
0.161436;53334.6;-1;0;
0.162181;53186.3;-1;0;
0.16293;53037.1;-1;0;
0.163682;52886.9;-1;0;
0.164437;52735.6;-1;0;
0.165196;52583.4;-1;0;
0.165959;52430.2;-1;0;
0.166725;52276;-1;0;
0.167494;52120.8;-1;0;
0.168267;51964.6;-1;0;
0.169044;51807.4;-1;0;
0.169824;51649.2;-1;0;
0.170608;51489.9;-1;0;
0.171396;51329.7;-1;0;
0.172187;51168.5;-1;0;
0.172982;51006.2;-1;0;
0.17378;50842.9;-1;0;
0.174582;50678.6;-1;0;
0.175388;50513.3;-1;0;
0.176198;50347;-1;0;
0.177011;50179.6;-1;0;
0.177828;50011.3;-1;0;
0.178649;49841.9;-1;0;
0.179473;49671.4;-1;0;
0.180302;49500;-1;0;
0.181134;49327.5;-1;0;
0.18197;49154;-1;0;
0.18281;48979.5;-1;0;
0.183654;48803.9;-1;0;
0.184502;48627.3;-1;0;
0.185353;48449.7;-1;0;
0.186209;48271;-1;0;
0.187068;48091.3;-1;0;
0.187932;47910.6;-1;0;
0.188799;47728.9;-1;0;
0.189671;47546.1;-1;0;
0.190546;47362.3;-1;0;
0.191426;47177.5;-1;0;
0.192309;46991.6;-1;0;
0.193197;46804.7;-1;0;
0.194089;46616.8;-1;0;
0.194984;46427.8;-1;0;
0.195884;46237.9;-1;0;
0.196789;46046.9;-1;0;
0.197697;45854.9;-1;0;
0.198609;45661.9;-1;0;
0.199526;45467.8;-1;0;
0.200447;45272.8;-1;0;
0.201372;45076.7;-1;0;
0.202302;44879.6;-1;0;
0.203236;44681.5;-1;0;
0.204174;44482.4;-1;0;
0.205116;44282.3;-1;0;
0.206063;44081.2;-1;0;
0.207014;43879.1;-1;0;
0.20797;43676.1;-1;0;
0.20893;43472;-1;0;
0.209894;43266.9;-1;0;
0.210863;43060.9;-1;0;
0.211836;42853.9;-1;0;
0.212814;42645.9;-1;0;
0.213796;42436.9;-1;0;
0.214783;42227;-1;0;
0.215774;42016.2;-1;0;
0.21677;41804.3;-1;0;
0.217771;41591.6;-1;0;
0.218776;41377.9;-1;0;
0.219786;41163.2;-1;0;
0.2208;40947.6;-1;0;
0.22182;40731.1;-1;0;
0.222844;40513.7;-1;0;
0.223872;40295.4;-1;0;
0.224905;40076.2;-1;0;
0.225944;39856.1;-1;0;
0.226986;39635;-1;0;
0.228034;39413.2;-1;0;
0.229087;39190.4;-1;0;
0.230144;38966.8;-1;0;
0.231206;38742.3;-1;0;
0.232274;38517;-1;0;
0.233346;38290.8;-1;0;
0.234423;38063.8;-1;0;
0.235505;37836;-1;0;
0.236592;37607.4;-1;0;
0.237684;37377.9;-1;0;
0.238781;37147.7;-1;0;
0.239883;36916.7;-1;0;
0.240991;36684.9;-1;0;
0.242103;36452.4;-1;0;
0.24322;36219.1;-1;0;
0.244343;35985.1;-1;0;
0.245471;35750.4;-1;0;
0.246604;35515;-1;0;
0.247742;35278.8;-1;0;
0.248886;35042;-1;0;
0.250035;34804.5;-1;0;
0.251189;34566.3;-1;0;
0.252348;34327.5;-1;0;
0.253513;34088.1;-1;0;
0.254683;33848;-1;0;
0.255859;33607.3;-1;0;
0.25704;33366.1;-1;0;
0.258226;33124.2;-1;0;
0.259418;32881.8;-1;0;
0.260615;32638.9;-1;0;
0.261818;32395.4;-1;0;
0.263027;32151.4;-1;0;
0.264241;31906.9;-1;0;
0.265461;31662;-1;0;
0.266686;31416.5;-1;0;
0.267917;31170.7;-1;0;
0.269153;30924.4;-1;0;
0.270396;30677.6;-1;0;
0.271644;30430.5;-1;0;
0.272898;30183;-1;0;
0.274157;29935.2;-1;0;
0.275423;29687;-1;0;
0.276694;29438.5;-1;0;
0.277971;29189.7;-1;0;
0.279254;28940.6;-1;0;
0.280543;28691.2;-1;0;
0.281838;28441.6;-1;0;
0.283139;28191.8;-1;0;
0.284446;27941.8;-1;0;
0.285759;27691.7;-1;0;
0.287078;27441.3;-1;0;
0.288403;27190.8;-1;0;
0.289734;26940.3;-1;0;
0.291072;26689.6;-1;0;
0.292415;26438.9;-1;0;
0.293765;26188.1;-1;0;
0.295121;25937.3;-1;0;
0.296483;25686.5;-1;0;
0.297852;25435.7;-1;0;
0.299226;25185;-1;0;
0.300608;24934.3;-1;0;
0.301995;24683.8;-1;0;
0.303389;24433.4;-1;0;
0.304789;24183.1;-1;0;
0.306196;23933;-1;0;
0.30761;23683.1;-1;0;
0.30903;23433.4;-1;0;
0.310456;23184;-1;0;
0.311889;22934.9;-1;0;
0.313329;22686;-1;0;
0.314775;22437.5;-1;0;
0.316228;22189.4;-1;0;
0.317687;21941.6;-1;0;
0.319154;21694.2;-1;0;
0.320627;21447.3;-1;0;
0.322107;21200.8;-1;0;
0.323594;20954.9;-1;0;
0.325087;20709.4;-1;0;
0.326588;20464.6;-1;0;
0.328095;20220.2;-1;0;
0.32961;19976.5;-1;0;
0.331131;19733.5;-1;0;
0.33266;19491.1;-1;0;
0.334195;19249.3;-1;0;
0.335738;19008.3;-1;0;
0.337287;18768.1;-1;0;
0.338844;18528.6;-1;0;
0.340408;18290;-1;0;
0.341979;18052.1;-1;0;
0.343558;17815.2;-1;0;
0.345144;17579.1;-1;0;
0.346737;17344;-1;0;
0.348337;17109.8;-1;0;
0.349945;16876.6;-1;0;
0.35156;16644.4;-1;0;
0.353183;16413.3;-1;0;
0.354813;16183.2;-1;0;
0.356451;15954.3;-1;0;
0.358096;15726.4;-1;0;
0.359749;15499.7;-1;0;
0.36141;15274.3;-1;0;
0.363078;15050;-1;0;
0.364754;14827;-1;0;
0.366438;14605.2;-1;0;
0.368129;14384.8;-1;0;
0.369828;14165.7;-1;0;
0.371535;13948;-1;0;
0.37325;13731.6;-1;0;
0.374973;13516.7;-1;0;
0.376704;13303.2;-1;0;
0.378443;13091.2;-1;0;
0.380189;12880.7;-1;0;
0.381944;12671.7;-1;0;
0.383707;12464.3;-1;0;
0.385478;12258.5;-1;0;
0.387258;12054.3;-1;0;
0.389045;11851.7;-1;0;
0.390841;11650.8;-1;0;
0.392645;11451.5;-1;0;
0.394457;11254;-1;0;
0.396278;11058.3;-1;0;
0.398107;10864.3;-1;0;
0.399945;10672;-1;0;
0.401791;10481.6;-1;0;
0.403645;10293.1;-1;0;
0.405509;10106.4;-1;0;
0.40738;9921.56;-1;0;
0.409261;9738.64;-1;0;
0.41115;9557.65;-1;0;
0.413048;9378.6;-1;0;
0.414954;9201.52;-1;0;
0.416869;9026.43;-1;0;
0.418794;8853.35;-1;0;
0.420727;8682.29;-1;0;
0.422669;8513.28;-1;0;
0.42462;8346.33;-1;0;
0.42658;8181.46;-1;0;
0.428549;8018.69;-1;0;
0.430527;7858.02;-1;0;
0.432514;7699.49;-1;0;
0.43451;7543.09;-1;0;
0.436516;7388.85;-1;0;
0.438531;7236.78;-1;0;
0.440555;7086.89;-1;0;
0.442588;6939.19;-1;0;
0.444631;6793.7;-1;0;
0.446684;6650.42;-1;0;
0.448745;6509.36;-1;0;
0.450817;6370.53;-1;0;
0.452898;6233.94;-1;0;
0.454988;6099.6;-1;0;
0.457088;5967.51;-1;0;
0.459198;5837.68;-1;0;
0.461318;5710.1;-1;0;
0.463447;5584.8;-1;0;
0.465586;5461.76;-1;0;
0.467735;5340.99;-1;0;
0.469894;5222.5;-1;0;
0.472063;5106.27;-1;0;
0.474242;4992.32;-1;0;
0.476431;4880.63;-1;0;
0.47863;4771.21;-1;0;
0.480839;4664.05;-1;0;
0.483059;4559.15;-1;0;
0.485289;4456.51;-1;0;
0.487528;4356.11;-1;0;
0.489779;4257.94;-1;0;
0.49204;4162.01;-1;0;
0.494311;4068.3;-1;0;
0.496592;3976.8;-1;0;
0.498884;3887.51;-1;0;
0.501187;3800.4;-1;0;
0.503501;3715.47;-1;0;
0.505825;3632.7;-1;0;
0.508159;3552.08;-1;0;
0.510505;3473.59;-1;0;
0.512861;3397.21;-1;0;
0.515229;3322.94;-1;0;
0.517607;3250.74;-1;0;
0.519996;3180.61;-1;0;
0.522396;3112.51;-1;0;
0.524807;3046.44;-1;0;
0.52723;2982.37;-1;0;
0.529663;2920.27;-1;0;
0.532108;2860.12;-1;0;
0.534564;2801.91;-1;0;
0.537032;2745.6;-1;0;
0.539511;2691.16;-1;0;
0.542001;2638.58;-1;0;
0.544503;2587.82;-1;0;
0.547016;2538.87;-1;0;
0.549541;2491.67;-1;0;
0.552077;2446.22;-1;0;
0.554626;2402.48;-1;0;
0.557186;2360.42;-1;0;
0.559758;2320.01;-1;0;
0.562341;2281.21;-1;0;
0.564937;2244;-1;0;
0.567545;2208.35;-1;0;
0.570164;2174.21;-1;0;
0.572796;2141.56;-1;0;
0.57544;2110.36;-1;0;
0.578096;2080.58;-1;0;
0.580764;2052.18;-1;0;
0.583445;2025.13;-1;0;
0.586138;1999.39;-1;0;
0.588844;1974.94;-1;0;
0.591562;1951.72;-1;0;
0.594292;1929.71;-1;0;
0.597035;1908.87;-1;0;
0.599791;1889.17;-1;0;
0.60256;1870.57;-1;0;
0.605341;1853.03;-1;0;
0.608135;1836.51;-1;0;
0.610942;1820.99;-1;0;
0.613762;1806.42;-1;0;
0.616595;1792.77;-1;0;
0.619441;1780;-1;0;
0.6223;1768.08;-1;0;
0.625173;1756.97;-1;0;
0.628058;1746.63;-1;0;
0.630957;1737.04;-1;0;
0.63387;1728.16;-1;0;
0.636796;1719.96;-1;0;
0.639735;1712.39;-1;0;
0.642688;1705.43;-1;0;
0.645654;1699.05;-1;0;
0.648634;1693.21;-1;0;
0.651628;1687.88;-1;0;
0.654636;1683.03;-1;0;
0.657658;1678.63;-1;0;
0.660693;1674.65;-1;0;
0.663743;1671.06;-1;0;
0.666807;1667.84;-1;0;
0.669885;1664.95;-1;0;
0.672977;1662.38;-1;0;
0.676083;1660.08;-1;0;
0.679204;1658.04;-1;0;
0.682339;1656.24;-1;0;
0.685488;1654.65;-1;0;
0.688652;1653.24;-1;0;
0.691831;1652;-1;0;
0.695024;1650.91;-1;0;
0.698232;1649.94;-1;0;
0.701455;1649.08;-1;0;
0.704693;1648.31;-1;0;
0.707946;1647.6;-1;0;
0.711214;1646.95;-1;0;
0.714496;1646.35;-1;0;
0.717794;1645.76;-1;0;
0.721107;1645.19;-1;0;
0.724436;1644.62;-1;0;
0.72778;1644.04;-1;0;
0.731139;1643.43;-1;0;
0.734514;1642.8;-1;0;
0.737904;1642.12;-1;0;
0.74131;1641.39;-1;0;
0.744732;1640.61;-1;0;
0.74817;1639.77;-1;0;
0.751623;1638.86;-1;0;
0.755092;1637.88;-1;0;
0.758578;1636.82;-1;0;
0.762079;1635.69;-1;0;
0.765597;1634.47;-1;0;
0.76913;1633.18;-1;0;
0.772681;1631.8;-1;0;
0.776247;1630.34;-1;0;
0.77983;1628.79;-1;0;
0.78343;1627.17;-1;0;
0.787046;1625.46;-1;0;
0.790679;1623.68;-1;0;
0.794328;1621.82;-1;0;
0.797995;1619.88;-1;0;
0.801678;1617.88;-1;0;
0.805378;1615.81;-1;0;
0.809096;1613.67;-1;0;
0.812831;1611.48;-1;0;
0.816582;1609.23;-1;0;
0.820352;1606.92;-1;0;
0.824138;1604.57;-1;0;
0.827942;1602.18;-1;0;
0.831764;1599.74;-1;0;
0.835603;1597.27;-1;0;
0.83946;1594.76;-1;0;
0.843335;1592.23;-1;0;
0.847227;1589.67;-1;0;
0.851138;1587.09;-1;0;
0.855067;1584.49;-1;0;
0.859014;1581.87;-1;0;
0.862979;1579.24;-1;0;
0.866962;1576.59;-1;0;
0.870964;1573.93;-1;0;
0.874984;1571.26;-1;0;
0.879023;1568.58;-1;0;
0.88308;1565.89;-1;0;
0.887156;1563.18;-1;0;
0.891251;1560.46;-1;0;
0.895365;1557.72;-1;0;
0.899498;1554.97;-1;0;
0.903649;1552.19;-1;0;
0.907821;1549.39;-1;0;
0.912011;1546.55;-1;0;
0.91622;1543.68;-1;0;
0.92045;1540.77;-1;0;
0.924698;1537.81;-1;0;
0.928966;1534.8;-1;0;
0.933254;1531.72;-1;0;
0.937562;1528.57;-1;0;
0.94189;1525.34;-1;0;
0.946237;1522.02;-1;0;
0.950605;1518.6;-1;0;
0.954993;1515.08;-1;0;
0.959401;1511.43;-1;0;
0.963829;1507.65;-1;0;
0.968278;1503.73;-1;0;
0.972747;1499.65;-1;0;
0.977237;1495.41;-1;0;
0.981748;1490.99;-1;0;
0.986279;1486.37;-1;0;
0.990832;1481.56;-1;0;
0.995405;1476.53;-1;0;
1;1471.27;-1;0;
1.00462;1465.77;-1;0;
1.00925;1460.02;-1;0;
1.01391;1454.01;-1;0;
1.01859;1447.72;-1;0;
1.02329;1441.15;-1;0;
1.02802;1434.28;-1;0;
1.03276;1427.11;-1;0;
1.03753;1419.62;-1;0;
1.04232;1411.81;-1;0;
1.04713;1403.67;-1;0;
1.05196;1395.19;-1;0;
1.05682;1386.37;-1;0;
1.0617;1377.2;-1;0;
1.0666;1367.68;-1;0;
1.07152;1357.8;-1;0;
1.07647;1347.57;-1;0;
1.08143;1336.98;-1;0;
1.08643;1326.03;-1;0;
1.09144;1314.72;-1;0;
1.09648;1303.07;-1;0;
1.10154;1291.07;-1;0;
1.10662;1278.73;-1;0;
1.11173;1266.05;-1;0;
1.11686;1253.05;-1;0;
1.12202;1239.73;-1;0;
1.1272;1226.11;-1;0;
1.1324;1212.2;-1;0;
1.13763;1198.01;-1;0;
1.14288;1183.55;-1;0;
1.14815;1168.86;-1;0;
1.15345;1153.93;-1;0;
1.15878;1138.8;-1;0;
1.16413;1123.48;-1;0;
1.1695;1107.99;-1;0;
1.1749;1092.35;-1;0;
1.18032;1076.6;-1;0;
1.18577;1060.75;-1;0;
1.19124;1044.82;-1;0;
1.19674;1028.85;-1;0;
1.20226;1012.86;-1;0;
1.20781;996.867;-1;0;
1.21339;980.912;-1;0;
1.21899;965.017;-1;0;
1.22462;949.208;-1;0;
1.23027;933.514;-1;0;
1.23595;917.961;-1;0;
1.24165;902.577;-1;0;
1.24738;887.388;-1;0;
1.25314;872.421;-1;0;
1.25893;857.7;-1;0;
1.26474;843.251;-1;0;
1.27057;829.098;-1;0;
1.27644;815.264;-1;0;
1.28233;801.771;-1;0;
1.28825;788.64;-1;0;
1.2942;775.89;-1;0;
1.30017;763.539;-1;0;
1.30617;751.604;-1;0;
1.3122;740.1;-1;0;
1.31826;729.041;-1;0;
1.32434;718.439;-1;0;
1.33045;708.302;-1;0;
1.3366;698.639;-1;0;
1.34276;689.457;-1;0;
1.34896;680.76;-1;0;
1.35519;672.55;-1;0;
1.36144;664.827;-1;0;
1.36773;657.59;-1;0;
1.37404;650.835;-1;0;
1.38038;644.558;-1;0;
1.38676;638.75;-1;0;
1.39316;633.402;-1;0;
1.39959;628.503;-1;0;
1.40605;624.042;-1;0;
1.41254;620.002;-1;0;
1.41906;616.369;-1;0;
1.42561;613.125;-1;0;
1.43219;610.251;-1;0;
1.4388;607.728;-1;0;
1.44544;605.533;-1;0;
1.45211;603.644;-1;0;
1.45881;602.04;-1;0;
1.46555;600.695;-1;0;
1.47231;599.585;-1;0;
1.47911;598.686;-1;0;
1.48594;597.973;-1;0;
1.49279;597.419;-1;0;
1.49968;596.999;-1;0;
1.50661;596.689;-1;0;
1.51356;596.463;-1;0;
1.52055;596.298;-1;0;
1.52757;596.168;-1;0;
1.53462;596.051;-1;0;
1.5417;595.924;-1;0;
1.54882;595.767;-1;0;
1.55597;595.558;-1;0;
1.56315;595.278;-1;0;
1.57036;594.91;-1;0;
1.57761;594.437;-1;0;
1.58489;593.844;-1;0;
1.59221;593.117;-1;0;
1.59956;592.244;-1;0;
1.60694;591.215;-1;0;
1.61436;590.021;-1;0;
1.62181;588.653;-1;0;
1.6293;587.108;-1;0;
1.63682;585.38;-1;0;
1.64437;583.467;-1;0;
1.65196;581.369;-1;0;
1.65959;579.085;-1;0;
1.66725;576.617;-1;0;
1.67494;573.97;-1;0;
1.68267;571.147;-1;0;
1.69044;568.154;-1;0;
1.69824;564.998;-1;0;
1.70608;561.687;-1;0;
1.71396;558.23;-1;0;
1.72187;554.636;-1;0;
1.72982;550.916;-1;0;
1.7378;547.079;-1;0;
1.74582;543.138;-1;0;
1.75388;539.103;-1;0;
1.76198;534.986;-1;0;
1.77011;530.799;-1;0;
1.77828;526.553;-1;0;
1.78649;522.26;-1;0;
1.79473;517.931;-1;0;
1.80302;513.576;-1;0;
1.81134;509.205;-1;0;
1.8197;504.83;-1;0;
1.8281;500.458;-1;0;
1.83654;496.098;-1;0;
1.84502;491.758;-1;0;
1.85353;487.445;-1;0;
1.86209;483.166;-1;0;
1.87068;478.925;-1;0;
1.87932;474.727;-1;0;
1.88799;470.576;-1;0;
1.89671;466.476;-1;0;
1.90546;462.428;-1;0;
1.91426;458.434;-1;0;
1.92309;454.495;-1;0;
1.93197;450.611;-1;0;
1.94089;446.782;-1;0;
1.94984;443.007;-1;0;
1.95884;439.284;-1;0;
1.96789;435.612;-1;0;
1.97697;431.989;-1;0;
1.98609;428.412;-1;0;
1.99526;424.879;-1;0;
2.00447;421.387;-1;0;
2.01372;417.934;-1;0;
2.02302;414.518;-1;0;
2.03236;411.135;-1;0;
2.04174;407.784;-1;0;
2.05116;404.463;-1;0;
2.06063;401.17;-1;0;
2.07014;397.903;-1;0;
2.0797;394.662;-1;0;
2.0893;391.445;-1;0;
2.09894;388.252;-1;0;
2.10863;385.084;-1;0;
2.11836;381.94;-1;0;
2.12814;378.821;-1;0;
2.13796;375.729;-1;0;
2.14783;372.665;-1;0;
2.15774;369.63;-1;0;
2.1677;366.626;-1;0;
2.17771;363.656;-1;0;
2.18776;360.721;-1;0;
2.19786;357.824;-1;0;
2.208;354.968;-1;0;
2.2182;352.153;-1;0;
2.22844;349.383;-1;0;
2.23872;346.66;-1;0;
2.24905;343.984;-1;0;
2.25944;341.359;-1;0;
2.26986;338.784;-1;0;
2.28034;336.262;-1;0;
2.29087;333.791;-1;0;
2.30144;331.372;-1;0;
2.31206;329.006;-1;0;
2.32274;326.69;-1;0;
2.33346;324.423;-1;0;
2.34423;322.204;-1;0;
2.35505;320.03;-1;0;
2.36592;317.899;-1;0;
2.37684;315.807;-1;0;
2.38781;313.751;-1;0;
2.39883;311.726;-1;0;
2.40991;309.729;-1;0;
2.42103;307.756;-1;0;
2.4322;305.802;-1;0;
2.44343;303.861;-1;0;
2.45471;301.931;-1;0;
2.46604;300.005;-1;0;
2.47742;298.08;-1;0;
2.48886;296.151;-1;0;
2.50035;294.214;-1;0;
2.51189;292.266;-1;0;
2.52348;290.302;-1;0;
2.53513;288.321;-1;0;
2.54683;286.319;-1;0;
2.55859;284.295;-1;0;
2.5704;282.246;-1;0;
2.58226;280.173;-1;0;
2.59418;278.073;-1;0;
2.60615;275.949;-1;0;
2.61818;273.8;-1;0;
2.63027;271.627;-1;0;
2.64241;269.433;-1;0;
2.65461;267.219;-1;0;
2.66686;264.987;-1;0;
2.67917;262.742;-1;0;
2.69153;260.486;-1;0;
2.70396;258.222;-1;0;
2.71644;255.954;-1;0;
2.72898;253.687;-1;0;
2.74157;251.424;-1;0;
2.75423;249.169;-1;0;
2.76694;246.925;-1;0;
2.77971;244.697;-1;0;
2.79254;242.488;-1;0;
2.80543;240.302;-1;0;
2.81838;238.14;-1;0;
2.83139;236.007;-1;0;
2.84446;233.904;-1;0;
2.85759;231.834;-1;0;
2.87078;229.797;-1;0;
2.88403;227.795;-1;0;
2.89734;225.828;-1;0;
2.91072;223.898;-1;0;
2.92415;222.003;-1;0;
2.93765;220.144;-1;0;
2.95121;218.32;-1;0;
2.96483;216.528;-1;0;
2.97852;214.769;-1;0;
2.99226;213.04;-1;0;
3.00608;211.34;-1;0;
3.01995;209.666;-1;0;
3.03389;208.016;-1;0;
3.04789;206.389;-1;0;
3.06196;204.781;-1;0;
3.0761;203.192;-1;0;
3.0903;201.618;-1;0;
3.10456;200.058;-1;0;
3.11889;198.51;-1;0;
3.13329;196.972;-1;0;
3.14775;195.443;-1;0;
3.16228;193.921;-1;0;
3.17687;192.405;-1;0;
3.19154;190.894;-1;0;
3.20627;189.388;-1;0;
3.22107;187.886;-1;0;
3.23594;186.387;-1;0;
3.25087;184.892;-1;0;
3.26588;183.4;-1;0;
3.28095;181.912;-1;0;
3.2961;180.427;-1;0;
3.31131;178.947;-1;0;
3.3266;177.471;-1;0;
3.34195;176;-1;0;
3.35738;174.535;-1;0;
3.37287;173.076;-1;0;
3.38844;171.623;-1;0;
3.40408;170.177;-1;0;
3.41979;168.739;-1;0;
3.43558;167.308;-1;0;
3.45144;165.886;-1;0;
3.46737;164.472;-1;0;
3.48337;163.067;-1;0;
3.49945;161.67;-1;0;
3.5156;160.283;-1;0;
3.53183;158.904;-1;0;
3.54813;157.535;-1;0;
3.56451;156.175;-1;0;
3.58096;154.825;-1;0;
3.59749;153.484;-1;0;
3.6141;152.152;-1;0;
3.63078;150.83;-1;0;
3.64754;149.519;-1;0;
3.66438;148.217;-1;0;
3.68129;146.925;-1;0;
3.69828;145.645;-1;0;
3.71535;144.375;-1;0;
3.7325;143.118;-1;0;
3.74973;141.872;-1;0;
3.76704;140.639;-1;0;
3.78443;139.418;-1;0;
3.80189;138.211;-1;0;
3.81944;137.018;-1;0;
3.83707;135.838;-1;0;
3.85478;134.673;-1;0;
3.87258;133.523;-1;0;
3.89045;132.386;-1;0;
3.90841;131.264;-1;0;
3.92645;130.155;-1;0;
3.94457;129.06;-1;0;
3.96278;127.978;-1;0;
3.98107;126.908;-1;0;
3.99945;125.849;-1;0;
4.01791;124.8;-1;0;
4.03645;123.761;-1;0;
4.05509;122.729;-1;0;
4.0738;121.706;-1;0;
4.09261;120.688;-1;0;
4.1115;119.675;-1;0;
4.13048;118.667;-1;0;
4.14954;117.663;-1;0;
4.16869;116.662;-1;0;
4.18794;115.663;-1;0;
4.20727;114.667;-1;0;
4.22669;113.674;-1;0;
4.2462;112.683;-1;0;
4.2658;111.695;-1;0;
4.28549;110.711;-1;0;
4.30527;109.731;-1;0;
4.32514;108.757;-1;0;
4.3451;107.788;-1;0;
4.36516;106.826;-1;0;
4.38531;105.872;-1;0;
4.40555;104.926;-1;0;
4.42588;103.99;-1;0;
4.44631;103.064;-1;0;
4.46684;102.149;-1;0;
4.48745;101.244;-1;0;
4.50817;100.35;-1;0;
4.52898;99.4679;-1;0;
4.54988;98.5964;-1;0;
4.57088;97.7355;-1;0;
4.59198;96.8849;-1;0;
4.61318;96.0441;-1;0;
4.63447;95.2123;-1;0;
4.65586;94.3891;-1;0;
4.67735;93.5738;-1;0;
4.69894;92.7658;-1;0;
4.72063;91.9645;-1;0;
4.74242;91.1696;-1;0;
4.76431;90.3806;-1;0;
4.7863;89.5972;-1;0;
4.80839;88.8193;-1;0;
4.83059;88.0468;-1;0;
4.85289;87.2796;-1;0;
4.87528;86.5177;-1;0;
4.89779;85.7614;-1;0;
4.9204;85.0105;-1;0;
4.94311;84.2652;-1;0;
4.96592;83.5256;-1;0;
4.98884;82.7916;-1;0;
5.01187;82.0634;-1;0;
5.03501;81.3408;-1;0;
5.05825;80.6237;-1;0;
5.08159;79.9121;-1;0;
5.10505;79.2058;-1;0;
5.12861;78.5047;-1;0;
5.15229;77.8086;-1;0;
5.17607;77.1176;-1;0;
5.19996;76.4317;-1;0;
5.22396;75.7508;-1;0;
5.24807;75.0751;-1;0;
5.2723;74.4047;-1;0;
5.29663;73.7399;-1;0;
5.32108;73.081;-1;0;
5.34564;72.4282;-1;0;
5.37032;71.7817;-1;0;
5.39511;71.142;-1;0;
5.42001;70.509;-1;0;
5.44503;69.8831;-1;0;
5.47016;69.2642;-1;0;
5.49541;68.6523;-1;0;
5.52077;68.0472;-1;0;
5.54626;67.4487;-1;0;
5.57186;66.8564;-1;0;
5.59758;66.2699;-1;0;
5.62341;65.6888;-1;0;
5.64937;65.1126;-1;0;
5.67545;64.5409;-1;0;
5.70164;63.9732;-1;0;
5.72796;63.4092;-1;0;
5.7544;62.8487;-1;0;
5.78096;62.2915;-1;0;
5.80764;61.7376;-1;0;
5.83445;61.1869;-1;0;
5.86138;60.6397;-1;0;
5.88844;60.0961;-1;0;
5.91562;59.5565;-1;0;
5.94292;59.0211;-1;0;
5.97035;58.4902;-1;0;
5.99791;57.964;-1;0;
6.0256;57.4429;-1;0;
6.05341;56.927;-1;0;
6.08135;56.4164;-1;0;
6.10942;55.9111;-1;0;
6.13762;55.4111;-1;0;
6.16595;54.9163;-1;0;
6.19441;54.4265;-1;0;
6.223;53.9415;-1;0;
6.25173;53.4612;-1;0;
6.28058;52.9853;-1;0;
6.30957;52.5137;-1;0;
6.3387;52.0462;-1;0;
6.36796;51.5827;-1;0;
6.39735;51.1231;-1;0;
6.42688;50.6673;-1;0;
6.45654;50.2154;-1;0;
6.48634;49.7672;-1;0;
6.51628;49.3228;-1;0;
6.54636;48.8822;-1;0;
6.57658;48.4452;-1;0;
6.60693;48.0118;-1;0;
6.63743;47.582;-1;0;
6.66807;47.1557;-1;0;
6.69885;46.7327;-1;0;
6.72977;46.3131;-1;0;
6.76083;45.8967;-1;0;
6.79204;45.4836;-1;0;
6.82339;45.0738;-1;0;
6.85488;44.6674;-1;0;
6.88652;44.2644;-1;0;
6.91831;43.865;-1;0;
6.95024;43.4694;-1;0;
6.98232;43.0776;-1;0;
7.01455;42.6898;-1;0;
7.04693;42.306;-1;0;
7.07946;41.9262;-1;0;
7.11214;41.5504;-1;0;
7.14496;41.1785;-1;0;
7.17794;40.8102;-1;0;
7.21107;40.4454;-1;0;
7.24436;40.0838;-1;0;
7.2778;39.7252;-1;0;
7.31139;39.3693;-1;0;
7.34514;39.0161;-1;0;
7.37904;38.6655;-1;0;
7.4131;38.3173;-1;0;
7.44732;37.9717;-1;0;
7.4817;37.6287;-1;0;
7.51623;37.2885;-1;0;
7.55092;36.9512;-1;0;
7.58578;36.6169;-1;0;
7.62079;36.2858;-1;0;
7.65597;35.9579;-1;0;
7.6913;35.6331;-1;0;
7.72681;35.3116;-1;0;
7.76247;34.9931;-1;0;
7.7983;34.6777;-1;0;
7.8343;34.3653;-1;0;
7.87046;34.0557;-1;0;
7.90679;33.7489;-1;0;
7.94328;33.4448;-1;0;
7.97995;33.1435;-1;0;
8.01678;32.8448;-1;0;
8.05378;32.5489;-1;0;
8.09096;32.2555;-1;0;
8.12831;31.9648;-1;0;
8.16582;31.6766;-1;0;
8.20352;31.3909;-1;0;
8.24138;31.1076;-1;0;
8.27942;30.8266;-1;0;
8.31764;30.5479;-1;0;
8.35603;30.2715;-1;0;
8.3946;29.9973;-1;0;
8.43335;29.7254;-1;0;
8.47227;29.4558;-1;0;
8.51138;29.1886;-1;0;
8.55067;28.924;-1;0;
8.59014;28.662;-1;0;
8.62979;28.4026;-1;0;
8.66962;28.1458;-1;0;
8.70964;27.8915;-1;0;
8.74984;27.6398;-1;0;
8.79023;27.3904;-1;0;
8.8308;27.1433;-1;0;
8.87156;26.8983;-1;0;
8.91251;26.6553;-1;0;
8.95365;26.4143;-1;0;
8.99498;26.1751;-1;0;
9.03649;25.9379;-1;0;
9.07821;25.7026;-1;0;
9.12011;25.4694;-1;0;
9.1622;25.2382;-1;0;
9.2045;25.0091;-1;0;
9.24698;24.7821;-1;0;
9.28966;24.5573;-1;0;
9.33254;24.3346;-1;0;
9.37562;24.114;-1;0;
9.4189;23.8955;-1;0;
9.46237;23.6789;-1;0;
9.50605;23.4643;-1;0;
9.54993;23.2517;-1;0;
9.59401;23.0411;-1;0;
9.63829;22.8323;-1;0;
9.68278;22.6255;-1;0;
9.72747;22.4205;-1;0;
9.77237;22.2173;-1;0;
9.81748;22.0159;-1;0;
9.86279;21.8162;-1;0;
9.90832;21.6182;-1;0;
9.95405;21.4218;-1;0;
10;21.2271;-1;0;

