<X> <Y>
1.000000000000000e-03 2.522995681156252e+11
1.006938631476027e-03 2.522945260941496e+11
1.013925407558815e-03 2.522894139498553e+11
1.020960662306047e-03 2.522842307087517e+11
1.028044732093310e-03 2.522789753833702e+11
1.035177955630176e-03 2.522736469725544e+11
1.042360673976401e-03 2.522682444612812e+11
1.049593230558228e-03 2.522627668204626e+11
1.056875971184804e-03 2.522572130067781e+11
1.064209244064725e-03 2.522515819624333e+11
1.071593399822671e-03 2.522458726150100e+11
1.079028791516184e-03 2.522400838772288e+11
1.086515774652538e-03 2.522342146467589e+11
1.094054707205742e-03 2.522282638060068e+11
1.101645949633657e-03 2.522222302219140e+11
1.109289864895223e-03 2.522161127457357e+11
1.116986818467823e-03 2.522099102128296e+11
1.124737178364752e-03 2.522036214424309e+11
1.132541315152812e-03 2.521972452374476e+11
1.140399601970033e-03 2.521907803842057e+11
1.148312414543511e-03 2.521842256522595e+11
1.156280131207375e-03 2.521775797941178e+11
1.164303132920877e-03 2.521708415450605e+11
1.172381803286599e-03 2.521640096228582e+11
1.180516528568806e-03 2.521570827275409e+11
1.188707697711903e-03 2.521500595411739e+11
1.196955702359043e-03 2.521429387276029e+11
1.205260936870843e-03 2.521357189321832e+11
1.213623798344241e-03 2.521283987815553e+11
1.222044686631489e-03 2.521209768833671e+11
1.230524004359262e-03 2.521134518260309e+11
1.239062156947916e-03 2.521058221784396e+11
1.247659552630870e-03 2.520980864897148e+11
1.256316602474120e-03 2.520902432889284e+11
1.265033720395904e-03 2.520822910848386e+11
1.273811323186479e-03 2.520742283655840e+11
1.282649830528060e-03 2.520660535984402e+11
1.291549665014884e-03 2.520577652295013e+11
1.300511252173409e-03 2.520493616834002e+11
1.309535020482668e-03 2.520408413630293e+11
1.318621401394748e-03 2.520322026492194e+11
1.327770829355429e-03 2.520234439004529e+11
1.336983741824947e-03 2.520145634525518e+11
1.346260579298910e-03 2.520055596183727e+11
1.355601785329369e-03 2.519964306874867e+11
1.365007806546014e-03 2.519871749258680e+11
1.374479092677537e-03 2.519777905755627e+11
1.384016096573132e-03 2.519682758543721e+11
1.393619274224142e-03 2.519586289555119e+11
1.403289084785873e-03 2.519488480472831e+11
1.413025990599534e-03 2.519389312727297e+11
1.422830457214352e-03 2.519288767492919e+11
1.432702953409831e-03 2.519186825684586e+11
1.442643951218157e-03 2.519083467954188e+11
1.452653925946781e-03 2.518978674686929e+11
1.462733356201130e-03 2.518872425997714e+11
1.472882723907502e-03 2.518764701727546e+11
1.483102514336104e-03 2.518655481439706e+11
1.493393216124252e-03 2.518544744416016e+11
1.503755321299738e-03 2.518432469652993e+11
1.514189325304352e-03 2.518318635857932e+11
1.524695727017575e-03 2.518203221445068e+11
1.535275028780423e-03 2.518086204531477e+11
1.545927736419477e-03 2.517967562933121e+11
1.556654359271062e-03 2.517847274160648e+11
1.567455410205595e-03 2.517725315415428e+11
1.578331405652118e-03 2.517601663585103e+11
1.589282865622978e-03 2.517476295239594e+11
1.600310313738700e-03 2.517349186626575e+11
1.611414277253020e-03 2.517220313667178e+11
1.622595287078087e-03 2.517089651951608e+11
1.633853877809862e-03 2.516957176734579e+11
1.645190587753663e-03 2.516822862930846e+11
1.656605958949913e-03 2.516686685110520e+11
1.668100537200059e-03 2.516548617494453e+11
1.679674872092653e-03 2.516408633949481e+11
1.691329517029649e-03 2.516266707983651e+11
1.703065029252844e-03 2.516122812741368e+11
1.714881969870539e-03 2.515976920998470e+11
1.726780903884356e-03 2.515829005157224e+11
1.738762400216250e-03 2.515679037241376e+11
1.750827031735725e-03 2.515526988890899e+11
1.762975375287206e-03 2.515372831356920e+11
1.775208011717634e-03 2.515216535496413e+11
1.787525525904235e-03 2.515058071766902e+11
1.799928506782477e-03 2.514897410221138e+11
1.812417547374238e-03 2.514734520501517e+11
1.824993244816152e-03 2.514569371834666e+11
1.837656200388170e-03 2.514401933025822e+11
1.850407019542302e-03 2.514232172453127e+11
1.863246311931560e-03 2.514060058061891e+11
1.876174691439121e-03 2.513885557358817e+11
1.889192776207666e-03 2.513708637406094e+11
1.902301188668944e-03 2.513529264815399e+11
1.915500555573528e-03 2.513347405741848e+11
1.928791508020778e-03 2.513163025877960e+11
1.942174681489027e-03 2.512976090447341e+11
1.955650715865949e-03 2.512786564198454e+11
1.969220255479171e-03 2.512594411398309e+11
1.982883949127072e-03 2.512399595825901e+11
1.996642450109793e-03 2.512202080765793e+11
2.010496416260499e-03 2.512001829001475e+11
2.024446509976804e-03 2.511798802808629e+11
2.038493398252464e-03 2.511592963948404e+11
2.052637752709252e-03 2.511384273660526e+11
2.066880249629082e-03 2.511172692656356e+11
2.081221569986339e-03 2.510958181111847e+11
2.095662399480433e-03 2.510740698660382e+11
2.110203428568597e-03 2.510520204385638e+11
2.124845352498883e-03 2.510296656814173e+11
2.139588871343421e-03 2.510070013908090e+11
2.154434690031884e-03 2.509840233057532e+11
2.169383518385184e-03 2.509607271073075e+11
2.184436071149428e-03 2.509371084178037e+11
2.199593068030075e-03 2.509131628000725e+11
2.214855233726359e-03 2.508888857566542e+11
2.230223297965939e-03 2.508642727289973e+11
2.245697995539774e-03 2.508393190966588e+11
2.261280066337279e-03 2.508140201764762e+11
2.276970255381680e-03 2.507883712217503e+11
2.292769312865649e-03 2.507623674213993e+11
2.308677994187170e-03 2.507360038991107e+11
2.324697059985648e-03 2.507092757124861e+11
2.340827276178294e-03 2.506821778521696e+11
2.357069413996728e-03 2.506547052409656e+11
2.373424250023866e-03 2.506268527329528e+11
2.389892566231050e-03 2.505986151125721e+11
2.406475150015424e-03 2.505699870937281e+11
2.423172794237601e-03 2.505409633188484e+11
2.439986297259550e-03 2.505115383579611e+11
2.456916462982790e-03 2.504817067077423e+11
2.473964100886814e-03 2.504514627905568e+11
2.491130026067788e-03 2.504208009534892e+11
2.508415059277541e-03 2.503897154673644e+11
2.525820026962785e-03 2.503582005257502e+11
2.543345761304648e-03 2.503262502439547e+11
2.560993100258459e-03 2.502938586580063e+11
2.578762887593801e-03 2.502610197236263e+11
2.596655972934872e-03 2.502277273151854e+11
2.614673211801092e-03 2.501939752246504e+11
2.632815465648020e-03 2.501597571605161e+11
2.651083601908539e-03 2.501250667467242e+11
2.669478494034321e-03 2.500898975215770e+11
2.688001021537607e-03 2.500542429366249e+11
2.706652070033241e-03 2.500180963555529e+11
2.725432531281028e-03 2.499814510530477e+11
2.744343303228365e-03 2.499443002136541e+11
2.763385290053170e-03 2.499066369306156e+11
2.782559402207126e-03 2.498684542047049e+11
2.801866556459195e-03 2.498297449430410e+11
2.821307675939471e-03 2.497905019578853e+11
2.840883690183304e-03 2.497507179654341e+11
2.860595535175742e-03 2.497103855845926e+11
2.880444153396298e-03 2.496694973357316e+11
2.900430493863992e-03 2.496280456394371e+11
2.920555512182745e-03 2.495860228152404e+11
2.940820170587064e-03 2.495434210803343e+11
2.961225437988034e-03 2.495002325482789e+11
2.981772290019673e-03 2.494564492276881e+11
3.002461709085549e-03 2.494120630209042e+11
3.023294684405777e-03 2.493670657226556e+11
3.044272212064303e-03 2.493214490187043e+11
3.065395295056527e-03 2.492752044844721e+11
3.086664943337274e-03 2.492283235836557e+11
3.108082173869064e-03 2.491807976668273e+11
3.129648010670750e-03 2.491326179700160e+11
3.151363484866479e-03 2.490837756132792e+11
3.173229634734976e-03 2.490342615992538e+11
3.195247505759214e-03 2.489840668116944e+11
3.217418150676372e-03 2.489331820139950e+11
3.239742629528196e-03 2.488815978476960e+11
3.262222009711670e-03 2.488293048309744e+11
3.284857366030043e-03 2.487762933571188e+11
3.307649780744242e-03 2.487225536929873e+11
3.330600343624588e-03 2.486680759774510e+11
3.353710152002929e-03 2.486128502198210e+11
3.376980310825091e-03 2.485568662982569e+11
3.400411932703706e-03 2.485001139581631e+11
3.424006137971426e-03 2.484425828105664e+11
3.447764054734464e-03 2.483842623304756e+11
3.471686818926559e-03 2.483251418552291e+11
3.495775574363275e-03 2.482652105828228e+11
3.520031472796679e-03 2.482044575702204e+11
3.544455673970436e-03 2.481428717316513e+11
3.569049345675230e-03 2.480804418368880e+11
3.593813663804626e-03 2.480171565095081e+11
3.618749812411280e-03 2.479530042251422e+11
3.643858983763544e-03 2.478879733096990e+11
3.669142378402494e-03 2.478220519375796e+11
3.694601205199302e-03 2.477552281298720e+11
3.720236681413066e-03 2.476874897525302e+11
3.746050032748993e-03 2.476188245145353e+11
3.772042493416998e-03 2.475492199660400e+11
3.798215306190736e-03 2.474786634964966e+11
3.824569722466999e-03 2.474071423327689e+11
3.851107002325569e-03 2.473346435372263e+11
3.877828414589457e-03 2.472611540058218e+11
3.904735236885560e-03 2.471866604661518e+11
3.931828755705771e-03 2.471111494755012e+11
3.959110266468458e-03 2.470346074188715e+11
3.986581073580439e-03 2.469570205069908e+11
4.014242490499322e-03 2.468783747743090e+11
4.042095839796306e-03 2.467986560769754e+11
4.070142453219439e-03 2.467178500908009e+11
4.098383671757262e-03 2.466359423092026e+11
4.126820845702952e-03 2.465529180411336e+11
4.155455334718876e-03 2.464687624089952e+11
4.184288507901581e-03 2.463834603465352e+11
4.213321743847289e-03 2.462969965967278e+11
4.242556430717777e-03 2.462093557096403e+11
4.271993966306777e-03 2.461205220402822e+11
4.301635758106795e-03 2.460304797464395e+11
4.331483223376399e-03 2.459392127864950e+11
4.361537789208006e-03 2.458467049172314e+11
4.391800892596086e-03 2.457529396916219e+11
4.422273980505897e-03 2.456579004566030e+11
4.452958509942656e-03 2.455615703508369e+11
4.483855948021186e-03 2.454639323024563e+11
4.514967772036102e-03 2.453649690267967e+11
4.546295469532400e-03 2.452646630241158e+11
4.577840538376616e-03 2.451629965772971e+11
4.609604486828434e-03 2.450599517495430e+11
4.641588833612777e-03 2.449555103820535e+11
4.673795107992464e-03 2.448496540916942e+11
4.706224849841282e-03 2.447423642686489e+11
4.738879609717651e-03 2.446336220740646e+11
4.771760948938746e-03 2.445234084376819e+11
4.804870439655129e-03 2.444117040554567e+11
4.838209664925958e-03 2.442984893871696e+11
4.871780218794631e-03 2.441837446540264e+11
4.905583706365045e-03 2.440674498362487e+11
4.939621743878321e-03 2.439495846706556e+11
4.973895958790063e-03 2.438301286482362e+11
5.008407989848212e-03 2.437090610117145e+11
5.043159487171359e-03 2.435863607531071e+11
5.078152112327670e-03 2.434620066112733e+11
5.113387538414326e-03 2.433359770694594e+11
5.148867450137492e-03 2.432082503528369e+11
5.184593543892913e-03 2.430788044260356e+11
5.220567527846975e-03 2.429476169906742e+11
5.256791122018419e-03 2.428146654828837e+11
5.293266058360562e-03 2.426799270708318e+11
5.329994080844088e-03 2.425433786522422e+11
5.366976945540477e-03 2.424049968519145e+11
5.404216420705915e-03 2.422647580192429e+11
5.441714286865887e-03 2.421226382257349e+11
5.479472336900287e-03 2.419786132625329e+11
5.517492376129128e-03 2.418326586379355e+11
5.555776222398878e-03 2.416847495749251e+11
5.594325706169377e-03 2.415348610086967e+11
5.633142670601352e-03 2.413829675841945e+11
5.672228971644543e-03 2.412290436536533e+11
5.711586478126435e-03 2.410730632741477e+11
5.751217071841614e-03 2.409150002051506e+11
5.791122647641758e-03 2.407548279061011e+11
5.831305113526219e-03 2.405925195339828e+11
5.871766390733255e-03 2.404280479409160e+11
5.912508413831881e-03 2.402613856717624e+11
5.953533130814370e-03 2.400925049617451e+11
5.994842503189409e-03 2.399213777340860e+11
6.036438506075864e-03 2.397479755976599e+11
6.078323128297230e-03 2.395722698446693e+11
6.120498372476703e-03 2.393942314483394e+11
6.162966255132942e-03 2.392138310606365e+11
6.205728806776500e-03 2.390310390100106e+11
6.248788072006888e-03 2.388458252991640e+11
6.292146109610344e-03 2.386581596028476e+11
6.335804992658254e-03 2.384680112656884e+11
6.379766808606282e-03 2.382753493000471e+11
6.424033659394191e-03 2.380801423839092e+11
6.468607661546328e-03 2.378823588588139e+11
6.513490946272803e-03 2.376819667278189e+11
6.558685659571436e-03 2.374789336535053e+11
6.604193962330305e-03 2.372732269560258e+11
6.650018030431118e-03 2.370648136111965e+11
6.696160054853222e-03 2.368536602486352e+11
6.742622241778342e-03 2.366397331499502e+11
6.789406812696112e-03 2.364229982469796e+11
6.836516004510238e-03 2.362034211200861e+11
6.883952069645496e-03 2.359809669965075e+11
6.931717276155407e-03 2.357556007487680e+11
6.979813907830660e-03 2.355272868931520e+11
7.028244264308352e-03 2.352959895882425e+11
7.077010661181890e-03 2.350616726335286e+11
7.126115430111745e-03 2.348242994680846e+11
7.175560918936928e-03 2.345838331693232e+11
7.225349491787214e-03 2.343402364518269e+11
7.275483529196233e-03 2.340934716662603e+11
7.325965428215230e-03 2.338435007983678e+11
7.376797602527731e-03 2.335902854680578e+11
7.427982482564918e-03 2.333337869285805e+11
7.479522515621821e-03 2.330739660658000e+11
7.531420165974375e-03 2.328107833975655e+11
7.583677914997190e-03 2.325441990731863e+11
7.636298261282242e-03 2.322741728730138e+11
7.689283720758313e-03 2.320006642081341e+11
7.742636826811269e-03 2.317236321201767e+11
7.796360130405237e-03 2.314430352812432e+11
7.850456200204510e-03 2.311588319939593e+11
7.904927622696420e-03 2.308709801916564e+11
7.959777002314986e-03 2.305794374386867e+11
8.015006961565405e-03 2.302841609308758e+11
8.070620141149508e-03 2.299851074961196e+11
8.126619200091946e-03 2.296822335951279e+11
8.183006815867389e-03 2.293754953223232e+11
8.239785684528520e-03 2.290648484068961e+11
8.296958520834907e-03 2.287502482140267e+11
8.354528058382871e-03 2.284316497462740e+11
8.412497049736118e-03 2.281090076451414e+11
8.470868266557402e-03 2.277822761928231e+11
8.529644499741026e-03 2.274514093141371e+11
8.588828559546249e-03 2.271163605786518e+11
8.648423275731726e-03 2.267770832030113e+11
8.708431497690725e-03 2.264335300534673e+11
8.768856094587427e-03 2.260856536486212e+11
8.829699955494092e-03 2.257334061623874e+11
8.890965989529159e-03 2.253767394271803e+11
8.952657125996400e-03 2.250156049373344e+11
9.014776314524917e-03 2.246499538527642e+11
9.077326525210224e-03 2.242797370028708e+11
9.140310748756233e-03 2.239049048907020e+11
9.203731996618222e-03 2.235254076973755e+11
9.267593301146883e-03 2.231411952867701e+11
9.331897715733239e-03 2.227522172104955e+11
9.396648314954691e-03 2.223584227131464e+11
9.461848194722003e-03 2.219597607378508e+11
9.527500472427290e-03 2.215561799321198e+11
9.593608287093146e-03 2.211476286540079e+11
9.660174799522647e-03 2.207340549785922e+11
9.727203192450537e-03 2.203154067047794e+11
9.794696670695395e-03 2.198916313624497e+11
9.862658461312821e-03 2.194626762199474e+11
9.931091813749801e-03 2.190284882919250e+11
1.000000000000000e-02 2.185890143475543e+11
1.006938631476028e-02 2.181442009191099e+11
1.013925407558815e-02 2.176939943109387e+11
1.020960662306047e-02 2.172383406088224e+11
1.028044732093309e-02 2.167771856897451e+11
1.035177955630176e-02 2.163104752320751e+11
1.042360673976402e-02 2.158381547261723e+11
1.049593230558228e-02 2.153601694854312e+11
1.056875971184804e-02 2.148764646577701e+11
1.064209244064724e-02 2.143869852375788e+11
1.071593399822671e-02 2.138916760781337e+11
1.079028791516184e-02 2.133904819044937e+11
1.086515774652538e-02 2.128833473268875e+11
1.094054707205742e-02 2.123702168546024e+11
1.101645949633656e-02 2.118510349103897e+11
1.109289864895223e-02 2.113257458453949e+11
1.116986818467823e-02 2.107942939546268e+11
1.124737178364752e-02 2.102566234929774e+11
1.132541315152811e-02 2.097126786918045e+11
1.140399601970032e-02 2.091624037760886e+11
1.148312414543511e-02 2.086057429821789e+11
1.156280131207376e-02 2.080426405761382e+11
1.164303132920877e-02 2.074730408727015e+11
1.172381803286598e-02 2.068968882548604e+11
1.180516528568805e-02 2.063141271940855e+11
1.188707697711903e-02 2.057247022712012e+11
1.196955702359043e-02 2.051285581979247e+11
1.205260936870843e-02 2.045256398390838e+11
1.213623798344241e-02 2.039158922355243e+11
1.222044686631488e-02 2.032992606277228e+11
1.230524004359262e-02 2.026756904801172e+11
1.239062156947916e-02 2.020451275061674e+11
1.247659552630870e-02 2.014075176941607e+11
1.256316602474121e-02 2.007628073337746e+11
1.265033720395903e-02 2.001109430434107e+11
1.273811323186478e-02 1.994518717983128e+11
1.282649830528061e-02 1.987855409594818e+11
1.291549665014884e-02 1.981118983034021e+11
1.300511252173409e-02 1.974308920525913e+11
1.309535020482667e-02 1.967424709069866e+11
1.318621401394749e-02 1.960465840761806e+11
1.327770829355430e-02 1.953431813125209e+11
1.336983741824947e-02 1.946322129450828e+11
1.346260579298910e-02 1.939136299145313e+11
1.355601785329368e-02 1.931873838088821e+11
1.365007806546014e-02 1.924534269001742e+11
1.374479092677537e-02 1.917117121820675e+11
1.384016096573132e-02 1.909621934083742e+11
1.393619274224143e-02 1.902048251325373e+11
1.403289084785873e-02 1.894395627480671e+11
1.413025990599534e-02 1.886663625299447e+11
1.422830457214353e-02 1.878851816770040e+11
1.432702953409831e-02 1.870959783553023e+11
1.442643951218158e-02 1.862987117424877e+11
1.452653925946780e-02 1.854933420731723e+11
1.462733356201130e-02 1.846798306853206e+11
1.472882723907503e-02 1.838581400676595e+11
1.483102514336104e-02 1.830282339081185e+11
1.493393216124252e-02 1.821900771433049e+11
1.503755321299738e-02 1.813436360090218e+11
1.514189325304352e-02 1.804888780918318e+11
1.524695727017574e-02 1.796257723816739e+11
1.535275028780423e-02 1.787542893255331e+11
1.545927736419478e-02 1.778744008821695e+11
1.556654359271061e-02 1.769860805779055e+11
1.567455410205595e-02 1.760893035634739e+11
1.578331405652117e-02 1.751840466719259e+11
1.589282865622978e-02 1.742702884775973e+11
1.600310313738701e-02 1.733480093561322e+11
1.611414277253019e-02 1.724171915455583e+11
1.622595287078087e-02 1.714778192084103e+11
1.633853877809861e-02 1.705298784948967e+11
1.645190587753663e-02 1.695733576070981e+11
1.656605958949914e-02 1.686082468641934e+11
1.668100537200059e-02 1.676345387686998e+11
1.679674872092653e-02 1.666522280737152e+11
1.691329517029648e-02 1.656613118511505e+11
1.703065029252844e-02 1.646617895609354e+11
1.714881969870540e-02 1.636536631211809e+11
1.726780903884356e-02 1.626369369792788e+11
1.738762400216250e-02 1.616116181839179e+11
1.750827031735724e-02 1.605777164579930e+11
1.762975375287206e-02 1.595352442723835e+11
1.775208011717635e-02 1.584842169205710e+11
1.787525525904235e-02 1.574246525940685e+11
1.799928506782476e-02 1.563565724586297e+11
1.812417547374237e-02 1.552800007312008e+11
1.824993244816153e-02 1.541949647575815e+11
1.837656200388171e-02 1.531014950907532e+11
1.850407019542302e-02 1.519996255698320e+11
1.863246311931560e-02 1.508893933996022e+11
1.876174691439120e-02 1.497708392305814e+11
1.889192776207666e-02 1.486440072395667e+11
1.902301188668945e-02 1.475089452106066e+11
1.915500555573528e-02 1.463657046163419e+11
1.928791508020778e-02 1.452143406996543e+11
1.942174681489026e-02 1.440549125555590e+11
1.955650715865949e-02 1.428874832132727e+11
1.969220255479173e-02 1.417121197183864e+11
1.982883949127071e-02 1.405288932150667e+11
1.996642450109793e-02 1.393378790282092e+11
2.010496416260498e-02 1.381391567454571e+11
2.024446509976804e-02 1.369328102990033e+11
2.038493398252463e-02 1.357189280470799e+11
2.052637752709252e-02 1.344976028550443e+11
2.066880249629082e-02 1.332689321759595e+11
2.081221569986338e-02 1.320330181305667e+11
2.095662399480433e-02 1.307899675865410e+11
2.110203428568596e-02 1.295398922369174e+11
2.124845352498883e-02 1.282829086775712e+11
2.139588871343422e-02 1.270191384836275e+11
2.154434690031883e-02 1.257487082846766e+11
2.169383518385185e-02 1.244717498386606e+11
2.184436071149427e-02 1.231884001042964e+11
2.199593068030075e-02 1.218988013118925e+11
2.214855233726359e-02 1.206031010324122e+11
2.230223297965938e-02 1.193014522446334e+11
2.245697995539774e-02 1.179940134002458e+11
2.261280066337278e-02 1.166809484867255e+11
2.276970255381680e-02 1.153624270878173e+11
2.292769312865650e-02 1.140386244414542e+11
2.308677994187169e-02 1.127097214949357e+11
2.324697059985648e-02 1.113759049571810e+11
2.340827276178293e-02 1.100373673478705e+11
2.357069413996728e-02 1.086943070432812e+11
2.373424250023868e-02 1.073469283186172e+11
2.389892566231049e-02 1.059954413866333e+11
2.406475150015424e-02 1.046400624323403e+11
2.423172794237599e-02 1.032810136435820e+11
2.439986297259550e-02 1.019185232372617e+11
2.456916462982791e-02 1.005528254809982e+11
2.473964100886813e-02 9.918416070998106e+10
2.491130026067789e-02 9.781277533879361e+10
2.508415059277540e-02 9.643892186796887e+10
2.525820026962785e-02 9.506285888503397e+10
2.543345761304650e-02 9.368485105980190e+10
2.560993100258458e-02 9.230516913366026e+10
2.578762887593801e-02 9.092408990260561e+10
2.596655972934871e-02 8.954189619376930e+10
2.614673211801092e-02 8.815887683517613e+10
2.632815465648021e-02 8.677532661847546e+10
2.651083601908538e-02 8.539154625438351e+10
2.669478494034321e-02 8.400784232057065e+10
2.688001021537606e-02 8.262452720173079e+10
2.706652070033241e-02 8.124191902156349e+10
2.725432531281029e-02 7.986034156640446e+10
2.744343303228364e-02 7.848012420023563e+10
2.763385290053170e-02 7.710160177080969e+10
2.782559402207124e-02 7.572511450662474e+10
2.801866556459195e-02 7.435100790448366e+10
2.821307675939472e-02 7.297963260738066e+10
2.840883690183302e-02 7.161134427245447e+10
2.860595535175742e-02 7.024650342875694e+10
2.880444153396296e-02 6.888547532458766e+10
2.900430493863992e-02 6.752862976414997e+10
2.920555512182747e-02 6.617634093329303e+10
2.940820170587062e-02 6.482898721410950e+10
2.961225437988034e-02 6.348695098816632e+10
2.981772290019672e-02 6.215061842815843e+10
3.002461709085549e-02 6.082037927778024e+10
3.023294684405778e-02 5.949662661962600e+10
3.044272212064303e-02 5.817975663093903e+10
3.065395295056527e-02 5.687016832704513e+10
3.086664943337273e-02 5.556826329231878e+10
3.108082173869064e-02 5.427444539854855e+10
3.129648010670752e-02 5.298912051058219e+10
3.151363484866479e-02 5.171269617915376e+10
3.173229634734976e-02 5.044558132081223e+10
3.195247505759212e-02 4.918818588489333e+10
3.217418150676372e-02 4.794092050749953e+10
3.239742629528197e-02 4.670419615247499e+10
3.262222009711670e-02 4.547842373938982e+10
3.284857366030044e-02 4.426401375857411e+10
3.307649780744241e-02 4.306137587327032e+10
3.330600343624589e-02 4.187091850900365e+10
3.353710152002930e-02 4.069304843030004e+10
3.376980310825092e-02 3.952817030491597e+10
3.400411932703706e-02 3.837668625577883e+10
3.424006137971424e-02 3.723899540087119e+10
3.447764054734464e-02 3.611549338133367e+10
3.471686818926562e-02 3.500657187809628e+10
3.495775574363275e-02 3.391261811739277e+10
3.520031472796679e-02 3.283401436555313e+10
3.544455673970433e-02 3.177113741351377e+10
3.569049345675230e-02 3.072435805153188e+10
3.593813663804628e-02 2.969404053463494e+10
3.618749812411280e-02 2.868054203938705e+10
3.643858983763545e-02 2.768421211260284e+10
3.669142378402492e-02 2.670539211269015e+10
3.694601205199302e-02 2.574441464435633e+10
3.720236681413068e-02 2.480160298746424e+10
3.746050032748993e-02 2.387727052088086e+10
3.772042493416997e-02 2.297172014221468e+10
3.798215306190734e-02 2.208524368439497e+10
3.824569722466999e-02 2.121812133010346e+10
3.851107002325571e-02 2.037062102512382e+10
3.877828414589457e-02 1.954299789173454e+10
3.904735236885560e-02 1.873549364332670e+10
3.931828755705769e-02 1.794833600148627e+10
3.959110266468459e-02 1.718173811683858e+10
3.986581073580441e-02 1.643589799500809e+10
4.014242490499322e-02 1.571099792910458e+10
4.042095839796308e-02 1.500720394020124e+10
4.070142453219436e-02 1.432466522732422e+10
4.098383671757262e-02 1.366351362852655e+10
4.126820845702954e-02 1.302386309467015e+10
4.155455334718875e-02 1.240580917758764e+10
4.184288507901582e-02 1.180942853434348e+10
4.213321743847287e-02 1.123477844935717e+10
4.242556430717777e-02 1.068189637619135e+10
4.271993966306779e-02 1.015079950084638e+10
4.301635758106795e-02 9.641484328434900e+09
4.331483223376401e-02 9.153926295140062e+09
4.361537789208003e-02 8.688079407385731e+09
4.391800892596086e-02 8.243875910166181e+09
4.422273980505900e-02 7.821225986497788e+09
4.452958509942655e-02 7.420017489962584e+09
4.483855948021188e-02 7.040115712316602e+09
4.514967772036100e-02 6.681363188130926e+09
4.546295469532399e-02 6.343579538421212e+09
4.577840538376619e-02 6.026561355202940e+09
4.609604486828434e-02 5.730082128881260e+09
4.641588833612779e-02 5.453892220348927e+09
4.673795107992461e-02 5.197718879621132e+09
4.706224849841281e-02 4.961266312781364e+09
4.738879609717653e-02 4.744215798949450e+09
4.771760948938746e-02 4.546225858907968e+09
4.804870439655132e-02 4.366932476939914e+09
4.838209664925955e-02 4.205949377334572e+09
4.871780218794631e-02 4.062868356912556e+09
4.905583706365048e-02 3.937259674803475e+09
4.939621743878321e-02 3.828672500580017e+09
4.973895958790065e-02 3.736635421711428e+09
5.008407989848210e-02 3.660657011146210e+09
5.043159487171359e-02 3.600226455668610e+09
5.078152112327673e-02 3.554814245496268e+09
5.113387538414326e-02 3.523872925396896e+09
5.148867450137495e-02 3.506837907400445e+09
5.184593543892910e-02 3.503128344969958e+09
5.220567527846975e-02 3.512148068269203e+09
5.256791122018422e-02 3.533286579928947e+09
5.293266058360561e-02 3.565920110466444e+09
5.329994080844090e-02 3.609412732254970e+09
5.366976945540476e-02 3.663117530672676e+09
5.404216420705915e-02 3.726377830783163e+09
5.441714286865890e-02 3.798528477615132e+09
5.479472336900287e-02 3.878897167815572e+09
5.517492376129126e-02 3.966805830151963e+09
5.555776222398878e-02 4.061572052034312e+09
5.594325706169378e-02 4.162510548919097e+09
5.633142670601355e-02 4.268934673145914e+09
5.672228971644543e-02 4.380157958444623e+09
5.711586478126432e-02 4.495495696038636e+09
5.751217071841613e-02 4.614266537959280e+09
5.791122647641758e-02 4.735794122879825e+09
5.831305113526222e-02 4.859408719476871e+09
5.871766390733255e-02 4.984448882033864e+09
5.912508413831878e-02 5.110263112718753e+09
5.953533130814370e-02 5.236211524697014e+09
5.994842503189409e-02 5.361667499985324e+09
6.036438506075867e-02 5.486019335712306e+09
6.078323128297230e-02 5.608671872233079e+09
6.120498372476699e-02 5.729048096347400e+09
6.162966255132942e-02 5.846590712698190e+09
6.205728806776500e-02 5.960763676282107e+09
6.248788072006891e-02 6.071053678888338e+09
6.292146109610344e-02 6.176971582198832e+09
6.335804992658250e-02 6.278053790235641e+09
6.379766808606283e-02 6.373863553830693e+09
6.424033659394190e-02 6.463992199823353e+09
6.468607661546324e-02 6.548060277763671e+09
6.513490946272803e-02 6.625718617015876e+09
6.558685659571432e-02 6.696649287320815e+09
6.604193962330306e-02 6.760566456087680e+09
6.650018030431118e-02 6.817217135948133e+09
6.696160054853219e-02 6.866381816419384e+09
6.742622241778343e-02 6.907874973889227e+09
6.789406812696110e-02 6.941545454555678e+09
6.836516004510239e-02 6.967276725427180e+09
6.883952069645496e-02 6.984986989016249e+09
6.931717276155404e-02 6.994629157939860e+09
6.979813907830661e-02 6.996190686272470e+09
7.028244264308349e-02 6.989693255181370e+09
7.077010661181890e-02 6.975192311106896e+09
7.126115430111746e-02 6.952776455529870e+09
7.175560918936924e-02 6.922566686192039e+09
7.225349491787214e-02 6.884715490499297e+09
7.275483529196229e-02 6.839405792737369e+09
7.325965428215230e-02 6.786849757661269e+09
7.376797602527735e-02 6.727287453977453e+09
7.427982482564914e-02 6.660985382215549e+09
7.479522515621821e-02 6.588234872478161e+09
7.531420165974372e-02 6.509350358555593e+09
7.583677914997190e-02 6.424667535889529e+09
7.636298261282246e-02 6.334541411857908e+09
7.689283720758310e-02 6.239344257823583e+09
7.742636826811269e-02 6.139463473332600e+09
7.796360130405233e-02 6.035299373755288e+09
7.850456200204509e-02 5.927262913523946e+09
7.904927622696424e-02 5.815773357925988e+09
7.959777002314981e-02 5.701255917149813e+09
8.015006961565405e-02 5.584139356942676e+09
8.070620141149504e-02 5.464853600815372e+09
8.126619200091946e-02 5.343827339207099e+09
8.183006815867394e-02 5.221485661396503e+09
8.239785684528515e-02 5.098247726201763e+09
8.296958520834907e-02 4.974524487644954e+09
8.354528058382867e-02 4.850716491756490e+09
8.412497049736119e-02 4.727211760555680e+09
8.470868266557406e-02 4.604383778958893e+09
8.529644499741021e-02 4.482589599930688e+09
8.588828559546249e-02 4.362168082603168e+09
8.648423275731722e-02 4.243438277341578e+09
8.708431497690725e-02 4.126697970829235e+09
8.768856094587431e-02 4.012222403183489e+09
8.829699955494087e-02 3.900263167898797e+09
8.890965989529158e-02 3.791047304048231e+09
8.952657125996397e-02 3.684776588667412e+09
9.014776314524918e-02 3.581627035603386e+09
9.077326525210229e-02 3.481748605347092e+09
9.140310748756228e-02 3.385265128493840e+09
9.203731996618221e-02 3.292274443507545e+09
9.267593301146879e-02 3.202848747418543e+09
9.331897715733239e-02 3.117035155980640e+09
9.396648314954696e-02 3.034856467672521e+09
9.461848194721997e-02 2.956312123774413e+09
9.527500472427290e-02 2.881379354607828e+09
9.593608287093142e-02 2.810014499920660e+09
9.660174799522646e-02 2.742154489358602e+09
9.727203192450543e-02 2.677718467015750e+09
9.794696670695395e-02 2.616609542230116e+09
9.862658461312820e-02 2.558716647113050e+09
9.931091813749796e-02 2.503916479803405e+09
1.000000000000000e-01 2.452075511145706e+09
1.006938631476027e-01 2.403052031433051e+09
1.013925407558815e-01 2.356698213055224e+09
1.020960662306046e-01 2.312862164373345e+09
1.028044732093310e-01 2.271389949924221e+09
1.035177955630176e-01 2.232127552158333e+09
1.042360673976401e-01 2.194922750347322e+09
1.049593230558228e-01 2.159626893070631e+09
1.056875971184804e-01 2.126096541810238e+09
1.064209244064725e-01 2.094194964647709e+09
1.071593399822671e-01 2.063793460863702e+09
1.079028791516184e-01 2.034772499374750e+09
1.086515774652538e-01 2.007022656389997e+09
1.094054707205742e-01 1.980445340407525e+09
1.101645949633657e-01 1.954953295668144e+09
1.109289864895223e-01 1.930470878409055e+09
1.116986818467823e-01 1.906934103669980e+09
1.124737178364752e-01 1.884290463955043e+09
1.132541315152811e-01 1.862498524693436e+09
1.140399601970033e-01 1.841527305115901e+09
1.148312414543511e-01 1.821355456813338e+09
1.156280131207375e-01 1.801970255806045e+09
1.164303132920877e-01 1.783366427363952e+09
1.172381803286599e-01 1.765544826013995e+09
1.180516528568806e-01 1.748510996086249e+09
1.188707697711903e-01 1.732273640721971e+09
1.196955702359043e-01 1.716843029433235e+09
1.205260936870843e-01 1.702229376009152e+09
1.213623798344241e-01 1.688441219755701e+09
1.222044686631489e-01 1.675483843690690e+09
1.230524004359262e-01 1.663357763355548e+09
1.239062156947916e-01 1.652057319323961e+09
1.247659552630870e-01 1.641569405267274e+09
1.256316602474120e-01 1.631872361572411e+09
1.265033720395904e-01 1.622935062006858e+09
1.273811323186478e-01 1.614716217807171e+09
1.282649830528060e-01 1.607163919865557e+09
1.291549665014884e-01 1.600215435450871e+09
1.300511252173409e-01 1.593797271185896e+09
1.309535020482668e-01 1.587825508886003e+09
1.318621401394748e-01 1.582206415430939e+09
1.327770829355429e-01 1.576837322188617e+09
1.336983741824947e-01 1.571607763744467e+09
1.346260579298910e-01 1.566400859926907e+09
1.355601785329369e-01 1.561094919479838e+09
1.365007806546014e-01 1.555565238341346e+09
1.374479092677537e-01 1.549686060469536e+09
1.384016096573132e-01 1.543332664635546e+09
1.393619274224142e-01 1.536383536699471e+09
1.403289084785873e-01 1.528722583708396e+09
1.413025990599534e-01 1.520241343807841e+09
1.422830457214352e-01 1.510841144525044e+09
1.432702953409831e-01 1.500435161535076e+09
1.442643951218157e-01 1.488950330609248e+09
1.452653925946781e-01 1.476329067098861e+09
1.462733356201130e-01 1.462530750031613e+09
1.472882723907502e-01 1.447532931673238e+09
1.483102514336104e-01 1.431332238187997e+09
1.493393216124252e-01 1.413944932746678e+09
1.503755321299738e-01 1.395407118982386e+09
1.514189325304352e-01 1.375774569960601e+09
1.524695727017575e-01 1.355122175665447e+09
1.535275028780423e-01 1.333543010243751e+09
1.545927736419477e-01 1.311147028709495e+09
1.556654359271062e-01 1.288059411298293e+09
1.567455410205595e-01 1.264418581969885e+09
1.578331405652118e-01 1.240373935478382e+09
1.589282865622978e-01 1.216083314758898e+09
1.600310313738700e-01 1.191710286915564e+09
1.611414277253020e-01 1.167421271654572e+09
1.622595287078087e-01 1.143382580418579e+09
1.633853877809862e-01 1.119757427602839e+09
1.645190587753662e-01 1.096702976954736e+09
1.656605958949914e-01 1.074367486495873e+09
1.668100537200059e-01 1.052887614016945e+09
1.679674872092653e-01 1.032385942375854e+09
1.691329517029649e-01 1.012968779517461e+09
1.703065029252844e-01 9.947242824085945e+08
1.714881969870539e-01 9.777209470649955e+08
1.726780903884356e-01 9.620064986981946e+08
1.738762400216251e-01 9.476072069243249e+08
1.750827031735725e-01 9.345276411801604e+08
1.762975375287206e-01 9.227508712347844e+08
1.775208011717634e-01 9.122391072368994e+08
1.787525525904236e-01 9.029347633772591e+08
1.799928506782476e-01 8.947619192534472e+08
1.812417547374238e-01 8.876281436745411e+08
1.824993244816152e-01 8.814266371944187e+08
1.837656200388171e-01 8.760386423487010e+08
1.850407019542302e-01 8.713360645941788e+08
1.863246311931560e-01 8.671842424739821e+08
1.876174691439121e-01 8.634448026753317e+08
1.889192776207666e-01 8.599785344785755e+08
1.902301188668944e-01 8.566482186335886e+08
1.915500555573528e-01 8.533213479071443e+08
1.928791508020778e-01 8.498726803353285e+08
1.942174681489026e-01 8.461865714528164e+08
1.955650715865949e-01 8.421590382765310e+08
1.969220255479172e-01 8.376995153784404e+08
1.982883949127071e-01 8.327322717461011e+08
1.996642450109793e-01 8.271974660354015e+08
2.010496416260499e-01 8.210518269942305e+08
2.024446509976804e-01 8.142689550061826e+08
2.038493398252462e-01 8.068392496092978e+08
2.052637752709252e-01 7.987694762474862e+08
2.066880249629082e-01 7.900819932030034e+08
2.081221569986339e-01 7.808136664662318e+08
2.095662399480433e-01 7.710145060959617e+08
2.110203428568594e-01 7.607460623268239e+08
2.124845352498883e-01 7.500796232548254e+08
2.139588871343422e-01 7.390942583853290e+08
2.154434690031884e-01 7.278747537091105e+08
2.169383518385184e-01 7.165094843634405e+08
2.184436071149426e-01 7.050882704436091e+08
2.199593068030075e-01 6.937002602787734e+08
2.214855233726359e-01 6.824318836017359e+08
2.230223297965939e-01 6.713649146472667e+08
2.245697995539774e-01 6.605746824145110e+08
2.261280066337277e-01 6.501284622085885e+08
2.276970255381680e-01 6.400840791885414e+08
2.292769312865649e-01 6.304887510135881e+08
2.308677994187170e-01 6.213781927854428e+08
2.324697059985648e-01 6.127760032901504e+08
2.340827276178292e-01 6.046933469853022e+08
2.357069413996728e-01 5.971289411834207e+08
2.373424250023866e-01 5.900693523765441e+08
2.389892566231050e-01 5.834895995745043e+08
2.406475150015424e-01 5.773540558661840e+08
2.423172794237598e-01 5.716176321829276e+08
2.439986297259550e-01 5.662272195315284e+08
2.456916462982790e-01 5.611233579269763e+08
2.473964100886814e-01 5.562420921255739e+08
2.491130026067788e-01 5.515169663462198e+08
2.508415059277538e-01 5.468811028495381e+08
2.525820026962785e-01 5.422693029533794e+08
2.543345761304648e-01 5.376201042636231e+08
2.560993100258460e-01 5.328777250599660e+08
2.578762887593801e-01 5.279938263368205e+08
2.596655972934870e-01 5.229290243321575e+08
2.614673211801092e-01 5.176540917504073e+08
2.632815465648020e-01 5.121507944265850e+08
2.651083601908539e-01 5.064123218432265e+08
2.669478494034321e-01 5.004432844600536e+08
2.688001021537605e-01 4.942592678023227e+08
2.706652070033241e-01 4.878859520266961e+08
2.725432531281028e-01 4.813578254044047e+08
2.744343303228365e-01 4.747165398376498e+08
2.763385290053170e-01 4.680089750585990e+08
2.782559402207126e-01 4.612850944106128e+08
2.801866556459195e-01 4.545956879700513e+08
2.821307675939471e-01 4.479901072367507e+08
2.840883690183304e-01 4.415140988974194e+08
2.860595535175742e-01 4.352078427110444e+08
2.880444153396298e-01 4.291042901719068e+08
2.900430493863992e-01 4.232278864415023e+08
2.920555512182745e-01 4.175937386678109e+08
2.940820170587063e-01 4.122072701782110e+08
2.961225437988034e-01 4.070643734376241e+08
2.981772290019674e-01 4.021520466817662e+08
3.002461709085549e-01 3.974494715238330e+08
3.023294684405776e-01 3.929294634110506e+08
3.044272212064303e-01 3.885602053244574e+08
3.065395295056527e-01 3.843071591119575e+08
3.086664943337274e-01 3.801350395246634e+08
3.108082173869064e-01 3.760097341451004e+08
3.129648010670750e-01 3.719000581799858e+08
3.151363484866480e-01 3.677792461987230e+08
3.173229634734976e-01 3.636261024272694e+08
3.195247505759213e-01 3.594257557435097e+08
3.217418150676372e-01 3.551699932457193e+08
3.239742629528196e-01 3.508571750957016e+08
3.262222009711670e-01 3.464917610937088e+08
3.284857366030043e-01 3.420835040342877e+08
3.307649780744242e-01 3.376463845042690e+08
3.330600343624588e-01 3.331973750338074e+08
3.353710152002929e-01 3.287551275742900e+08
3.376980310825091e-01 3.243386769598136e+08
3.400411932703706e-01 3.199662447616198e+08
3.424006137971425e-01 3.156542138098251e+08
3.447764054734464e-01 3.114163251583164e+08
3.471686818926559e-01 3.072631282540007e+08
3.495775574363275e-01 3.032016935197568e+08
3.520031472796679e-01 2.992355763797829e+08
3.544455673970436e-01 2.953650045940011e+08
3.569049345675230e-01 2.915872478543682e+08
3.593813663804626e-01 2.878971206373359e+08
3.618749812411280e-01 2.842875664473687e+08
3.643858983763544e-01 2.807502734344324e+08
3.669142378402494e-01 2.772762770866346e+08
3.694601205199303e-01 2.738565141451318e+08
3.720236681413066e-01 2.704823017827706e+08
3.746050032748993e-01 2.671457261887867e+08
3.772042493416998e-01 2.638399339573031e+08
3.798215306190736e-01 2.605593273375031e+08
3.824569722466999e-01 2.572996700748932e+08
3.851107002325569e-01 2.540581142128587e+08
3.877828414589458e-01 2.508331600758027e+08
3.904735236885560e-01 2.476245621465357e+08
3.931828755705770e-01 2.444331931687602e+08
3.959110266468459e-01 2.412608779825995e+08
3.986581073580439e-01 2.381102076291783e+08
4.014242490499322e-01 2.349843432549355e+08
4.042095839796306e-01 2.318868182649139e+08
4.070142453219439e-01 2.288213458831918e+08
4.098383671757261e-01 2.257916376509236e+08
4.126820845702952e-01 2.228012364086466e+08
4.155455334718876e-01 2.198533651313382e+08
4.184288507901580e-01 2.169507909742978e+08
4.213321743847289e-01 2.140957025579489e+08
4.242556430717777e-01 2.112895984140428e+08
4.271993966306777e-01 2.085331860420992e+08
4.301635758106795e-01 2.058262942758829e+08
4.331483223376398e-01 2.031678062710080e+08
4.361537789208006e-01 2.005556255203326e+08
4.391800892596086e-01 1.979866915641776e+08
4.422273980505897e-01 1.954570639308831e+08
4.452958509942656e-01 1.929620908514175e+08
4.483855948021186e-01 1.904966724512372e+08
4.514967772036102e-01 1.880556163019272e+08
4.546295469532399e-01 1.856340674055957e+08
4.577840538376616e-01 1.832279770647402e+08
4.609604486828434e-01 1.808345588263373e+08
4.641588833612778e-01 1.784526684640822e+08
4.673795107992463e-01 1.760830422809327e+08
4.706224849841282e-01 1.737283363968006e+08
4.738879609717651e-01 1.713929299235983e+08
4.771760948938746e-01 1.690824855678390e+08
4.804870439655129e-01 1.668032984234875e+08
4.838209664925957e-01 1.645615017220160e+08
4.871780218794631e-01 1.623622301713098e+08
4.905583706365045e-01 1.602088604486717e+08
4.939621743878321e-01 1.581024491645585e+08
4.973895958790063e-01 1.560414687561967e+08
5.008407989848213e-01 1.540219025595555e+08
5.043159487171359e-01 1.520377068685400e+08
5.078152112327676e-01 1.500815885072533e+08
5.113387538414326e-01 1.481459916042613e+08
5.148867450137492e-01 1.462241471716355e+08
5.184593543892912e-01 1.443110220189284e+08
5.220567527846975e-01 1.424040139018360e+08
5.256791122018425e-01 1.405032770950343e+08
5.293266058360562e-01 1.386116211594588e+08
5.329994080844088e-01 1.367339956999178e+08
5.366976945540476e-01 1.348766431039570e+08
5.404216420705915e-01 1.330460572414306e+08
5.441714286865893e-01 1.312479187927187e+08
5.479472336900287e-01 1.294861813824479e+08
5.517492376129123e-01 1.277624564404677e+08
5.555776222398878e-01 1.260757934313632e+08
5.594325706169377e-01 1.244228848629560e+08
5.633142670601358e-01 1.227986539685872e+08
5.672228971644544e-01 1.211971193024035e+08
5.711586478126429e-01 1.196123852623313e+08
5.751217071841613e-01 1.180395881119453e+08
5.791122647641759e-01 1.164756365053760e+08
5.831305113526225e-01 1.149196223070832e+08
5.871766390733255e-01 1.133728357592290e+08
5.912508413831875e-01 1.118383893278236e+08
5.953533130814370e-01 1.103205250619860e+08
5.994842503189409e-01 1.088237385358284e+08
6.036438506075870e-01 1.073518871855346e+08
6.078323128297229e-01 1.059074542827769e+08
6.120498372476697e-01 1.044911094467870e+08
6.162966255132942e-01 1.031016467160516e+08
6.205728806776500e-01 1.017363027739399e+08
6.248788072006894e-01 1.003913771867608e+08
6.292146109610344e-01 9.906301174208082e+07
6.335804992658248e-01 9.774795311895767e+07
6.379766808606282e-01 9.644413132899742e+07
6.424033659394190e-01 9.515093476411347e+07
6.468607661546327e-01 9.386913966456914e+07
6.513490946272803e-01 9.260053747894347e+07
6.558685659571428e-01 9.134737499781057e+07
6.604193962330305e-01 9.011176004332267e+07
6.650018030431118e-01 8.889518031641406e+07
6.696160054853222e-01 8.769823808968130e+07
6.742622241778342e-01 8.652063414192559e+07
6.789406812696106e-01 8.536136302521092e+07
6.836516004510238e-01 8.421903031412271e+07
6.883952069645496e-01 8.309218492897271e+07
6.931717276155407e-01 8.197957759383431e+07
6.979813907830660e-01 8.088029931542270e+07
7.028244264308345e-01 7.979380308170220e+07
7.077010661181889e-01 7.871984905756548e+07
7.126115430111746e-01 7.765842645553185e+07
7.175560918936928e-01 7.660969290985271e+07
7.225349491787214e-01 7.557394390389369e+07
7.275483529196225e-01 7.455159566836755e+07
7.325965428215230e-01 7.354314913272376e+07
7.376797602527730e-01 7.254910734040973e+07
7.427982482564919e-01 7.156984209556323e+07
7.479522515621821e-01 7.060543712031803e+07
7.531420165974368e-01 6.965556045841312e+07
7.583677914997191e-01 6.871942580911978e+07
7.636298261282242e-01 6.779588491933602e+07
7.689283720758313e-01 6.688365395900492e+07
7.742636826811270e-01 6.598162729856063e+07
7.796360130405229e-01 6.508918922848248e+07
7.850456200204510e-01 6.420641557775687e+07
7.904927622696420e-01 6.333407530241218e+07
7.959777002314986e-01 6.247339823997396e+07
8.015006961565405e-01 6.162565602867270e+07
8.070620141149499e-01 6.079168189172143e+07
8.126619200091946e-01 5.997149889580610e+07
8.183006815867390e-01 5.916420968162024e+07
8.239785684528520e-01 5.836821849433224e+07
8.296958520834906e-01 5.758173194534421e+07
8.354528058382863e-01 5.680336561017092e+07
8.412497049736118e-01 5.603262292263360e+07
8.470868266557402e-01 5.527004595148467e+07
8.529644499741025e-01 5.451696079527446e+07
8.588828559546250e-01 5.377490696643443e+07
8.648423275731718e-01 5.304497829815304e+07
8.708431497690724e-01 5.232734780002765e+07
8.768856094587426e-01 5.162117521095949e+07
8.829699955494091e-01 5.092493292776749e+07
8.890965989529158e-01 5.023700563635369e+07
8.952657125996401e-01 4.955630292666931e+07
9.014776314524917e-01 4.888262464914987e+07
9.077326525210223e-01 4.821663397621429e+07
9.140310748756232e-01 4.755946889926942e+07
9.203731996618221e-01 4.691217896306878e+07
9.267593301146884e-01 4.627524142872946e+07
9.331897715733238e-01 4.564836270849282e+07
9.396648314954691e-01 4.503063248485121e+07
9.461848194722002e-01 4.442093512138262e+07
9.527500472427290e-01 4.381841154830796e+07
9.593608287093147e-01 4.322275579004005e+07
9.660174799522646e-01 4.263422527325962e+07
9.727203192450538e-01 4.205339275207922e+07
9.794696670695395e-01 4.148079197776759e+07
9.862658461312821e-01 4.091664440700579e+07
9.931091813749801e-01 4.036078627019675e+07
1.000000000000000e+00 3.981279051633302e+07
