<X> <Y>
1.000000000000000e-03 2.525243444823697e+11
1.006938631476027e-03 2.525224298587205e+11
1.013925407558815e-03 2.525204885867123e+11
1.020960662306047e-03 2.525185202956361e+11
1.028044732093310e-03 2.525165246096310e+11
1.035177955630176e-03 2.525145011476131e+11
1.042360673976401e-03 2.525124495232030e+11
1.049593230558228e-03 2.525103693446526e+11
1.056875971184804e-03 2.525082602147702e+11
1.064209244064725e-03 2.525061217308453e+11
1.071593399822671e-03 2.525039534845722e+11
1.079028791516184e-03 2.525017550619723e+11
1.086515774652538e-03 2.524995260433153e+11
1.094054707205742e-03 2.524972660030398e+11
1.101645949633657e-03 2.524949745096722e+11
1.109289864895223e-03 2.524926511257452e+11
1.116986818467823e-03 2.524902954077141e+11
1.124737178364752e-03 2.524879069058730e+11
1.132541315152812e-03 2.524854851642696e+11
1.140399601970033e-03 2.524830297206179e+11
1.148312414543511e-03 2.524805401062115e+11
1.156280131207375e-03 2.524780158458339e+11
1.164303132920877e-03 2.524754564576684e+11
1.172381803286599e-03 2.524728614532070e+11
1.180516528568806e-03 2.524702303371576e+11
1.188707697711903e-03 2.524675626073497e+11
1.196955702359043e-03 2.524648577546398e+11
1.205260936870843e-03 2.524621152628143e+11
1.213623798344241e-03 2.524593346084919e+11
1.222044686631489e-03 2.524565152610240e+11
1.230524004359262e-03 2.524536566823948e+11
1.239062156947916e-03 2.524507583271185e+11
1.247659552630870e-03 2.524478196421365e+11
1.256316602474120e-03 2.524448400667123e+11
1.265033720395904e-03 2.524418190323254e+11
1.273811323186479e-03 2.524387559625634e+11
1.282649830528060e-03 2.524356502730132e+11
1.291549665014884e-03 2.524325013711497e+11
1.300511252173409e-03 2.524293086562240e+11
1.309535020482668e-03 2.524260715191497e+11
1.318621401394748e-03 2.524227893423875e+11
1.327770829355429e-03 2.524194614998280e+11
1.336983741824947e-03 2.524160873566734e+11
1.346260579298910e-03 2.524126662693178e+11
1.355601785329369e-03 2.524091975852246e+11
1.365007806546014e-03 2.524056806428037e+11
1.374479092677537e-03 2.524021147712859e+11
1.384016096573132e-03 2.523984992905963e+11
1.393619274224142e-03 2.523948335112259e+11
1.403289084785873e-03 2.523911167341006e+11
1.413025990599534e-03 2.523873482504496e+11
1.422830457214352e-03 2.523835273416711e+11
1.432702953409831e-03 2.523796532791968e+11
1.442643951218157e-03 2.523757253243539e+11
1.452653925946781e-03 2.523717427282260e+11
1.462733356201130e-03 2.523677047315108e+11
1.472882723907502e-03 2.523636105643779e+11
1.483102514336104e-03 2.523594594463224e+11
1.493393216124252e-03 2.523552505860180e+11
1.503755321299738e-03 2.523509831811677e+11
1.514189325304352e-03 2.523466564183522e+11
1.524695727017575e-03 2.523422694728764e+11
1.535275028780423e-03 2.523378215086141e+11
1.545927736419477e-03 2.523333116778499e+11
1.556654359271062e-03 2.523287391211199e+11
1.567455410205595e-03 2.523241029670489e+11
1.578331405652118e-03 2.523194023321867e+11
1.589282865622978e-03 2.523146363208417e+11
1.600310313738700e-03 2.523098040249116e+11
1.611414277253020e-03 2.523049045237128e+11
1.622595287078087e-03 2.522999368838068e+11
1.633853877809862e-03 2.522949001588243e+11
1.645190587753663e-03 2.522897933892875e+11
1.656605958949913e-03 2.522846156024289e+11
1.668100537200059e-03 2.522793658120087e+11
1.679674872092653e-03 2.522740430181291e+11
1.691329517029649e-03 2.522686462070463e+11
1.703065029252844e-03 2.522631743509796e+11
1.714881969870539e-03 2.522576264079186e+11
1.726780903884356e-03 2.522520013214271e+11
1.738762400216250e-03 2.522462980204444e+11
1.750827031735725e-03 2.522405154190845e+11
1.762975375287206e-03 2.522346524164321e+11
1.775208011717634e-03 2.522287078963354e+11
1.787525525904235e-03 2.522226807271971e+11
1.799928506782477e-03 2.522165697617619e+11
1.812417547374238e-03 2.522103738369011e+11
1.824993244816152e-03 2.522040917733947e+11
1.837656200388170e-03 2.521977223757099e+11
1.850407019542302e-03 2.521912644317772e+11
1.863246311931560e-03 2.521847167127636e+11
1.876174691439121e-03 2.521780779728415e+11
1.889192776207666e-03 2.521713469489563e+11
1.902301188668944e-03 2.521645223605891e+11
1.915500555573528e-03 2.521576029095175e+11
1.928791508020778e-03 2.521505872795727e+11
1.942174681489027e-03 2.521434741363926e+11
1.955650715865949e-03 2.521362621271733e+11
1.969220255479171e-03 2.521289498804149e+11
1.982883949127072e-03 2.521215360056666e+11
1.996642450109793e-03 2.521140190932657e+11
2.010496416260499e-03 2.521063977140748e+11
2.024446509976804e-03 2.520986704192151e+11
2.038493398252464e-03 2.520908357397958e+11
2.052637752709252e-03 2.520828921866398e+11
2.066880249629082e-03 2.520748382500063e+11
2.081221569986339e-03 2.520666723993091e+11
2.095662399480433e-03 2.520583930828313e+11
2.110203428568597e-03 2.520499987274362e+11
2.124845352498883e-03 2.520414877382747e+11
2.139588871343421e-03 2.520328584984873e+11
2.154434690031884e-03 2.520241093689046e+11
2.169383518385184e-03 2.520152386877410e+11
2.184436071149428e-03 2.520062447702866e+11
2.199593068030075e-03 2.519971259085937e+11
2.214855233726359e-03 2.519878803711592e+11
2.230223297965939e-03 2.519785064026035e+11
2.245697995539774e-03 2.519690022233440e+11
2.261280066337279e-03 2.519593660292653e+11
2.276970255381680e-03 2.519495959913842e+11
2.292769312865649e-03 2.519396902555107e+11
2.308677994187170e-03 2.519296469419044e+11
2.324697059985648e-03 2.519194641449260e+11
2.340827276178294e-03 2.519091399326847e+11
2.357069413996728e-03 2.518986723466805e+11
2.373424250023866e-03 2.518880594014415e+11
2.389892566231050e-03 2.518772990841573e+11
2.406475150015424e-03 2.518663893543069e+11
2.423172794237601e-03 2.518553281432811e+11
2.439986297259550e-03 2.518441133540014e+11
2.456916462982790e-03 2.518327428605321e+11
2.473964100886814e-03 2.518212145076888e+11
2.491130026067788e-03 2.518095261106408e+11
2.508415059277541e-03 2.517976754545081e+11
2.525820026962785e-03 2.517856602939543e+11
2.543345761304648e-03 2.517734783527725e+11
2.560993100258459e-03 2.517611273234668e+11
2.578762887593801e-03 2.517486048668281e+11
2.596655972934872e-03 2.517359086115040e+11
2.614673211801092e-03 2.517230361535634e+11
2.632815465648020e-03 2.517099850560552e+11
2.651083601908539e-03 2.516967528485612e+11
2.669478494034321e-03 2.516833370267430e+11
2.688001021537607e-03 2.516697350518833e+11
2.706652070033241e-03 2.516559443504210e+11
2.725432531281028e-03 2.516419623134799e+11
2.744343303228365e-03 2.516277862963921e+11
2.763385290053170e-03 2.516134136182140e+11
2.782559402207126e-03 2.515988415612368e+11
2.801866556459195e-03 2.515840673704906e+11
2.821307675939471e-03 2.515690882532418e+11
2.840883690183304e-03 2.515539013784836e+11
2.860595535175742e-03 2.515385038764206e+11
2.880444153396298e-03 2.515228928379465e+11
2.900430493863992e-03 2.515070653141143e+11
2.920555512182745e-03 2.514910183156012e+11
2.940820170587064e-03 2.514747488121645e+11
2.961225437988034e-03 2.514582537320920e+11
2.981772290019673e-03 2.514415299616453e+11
3.002461709085549e-03 2.514245743444947e+11
3.023294684405777e-03 2.514073836811481e+11
3.044272212064303e-03 2.513899547283716e+11
3.065395295056527e-03 2.513722841986035e+11
3.086664943337274e-03 2.513543687593600e+11
3.108082173869064e-03 2.513362050326339e+11
3.129648010670750e-03 2.513177895942848e+11
3.151363484866479e-03 2.512991189734226e+11
3.173229634734976e-03 2.512801896517821e+11
3.195247505759214e-03 2.512609980630901e+11
3.217418150676372e-03 2.512415405924247e+11
3.239742629528196e-03 2.512218135755653e+11
3.262222009711670e-03 2.512018132983362e+11
3.284857366030043e-03 2.511815359959400e+11
3.307649780744242e-03 2.511609778522835e+11
3.330600343624588e-03 2.511401349992952e+11
3.353710152002929e-03 2.511190035162337e+11
3.376980310825091e-03 2.510975794289874e+11
3.400411932703706e-03 2.510758587093660e+11
3.424006137971426e-03 2.510538372743821e+11
3.447764054734464e-03 2.510315109855246e+11
3.471686818926559e-03 2.510088756480226e+11
3.495775574363275e-03 2.509859270101002e+11
3.520031472796679e-03 2.509626607622217e+11
3.544455673970436e-03 2.509390725363282e+11
3.569049345675230e-03 2.509151579050636e+11
3.593813663804626e-03 2.508909123809915e+11
3.618749812411280e-03 2.508663314158026e+11
3.643858983763544e-03 2.508414103995122e+11
3.669142378402494e-03 2.508161446596472e+11
3.694601205199302e-03 2.507905294604236e+11
3.720236681413066e-03 2.507645600019139e+11
3.746050032748993e-03 2.507382314192042e+11
3.772042493416998e-03 2.507115387815406e+11
3.798215306190736e-03 2.506844770914655e+11
3.824569722466999e-03 2.506570412839433e+11
3.851107002325569e-03 2.506292262254755e+11
3.877828414589457e-03 2.506010267132049e+11
3.904735236885560e-03 2.505724374740087e+11
3.931828755705771e-03 2.505434531635813e+11
3.959110266468458e-03 2.505140683655050e+11
3.986581073580439e-03 2.504842775903107e+11
4.014242490499322e-03 2.504540752745262e+11
4.042095839796306e-03 2.504234557797139e+11
4.070142453219439e-03 2.503924133914964e+11
4.098383671757262e-03 2.503609423185706e+11
4.126820845702952e-03 2.503290366917106e+11
4.155455334718876e-03 2.502966905627577e+11
4.184288507901581e-03 2.502638979035995e+11
4.213321743847289e-03 2.502306526051362e+11
4.242556430717777e-03 2.501969484762352e+11
4.271993966306777e-03 2.501627792426729e+11
4.301635758106795e-03 2.501281385460649e+11
4.331483223376399e-03 2.500930199427825e+11
4.361537789208006e-03 2.500574169028578e+11
4.391800892596086e-03 2.500213228088755e+11
4.422273980505897e-03 2.499847309548520e+11
4.452958509942656e-03 2.499476345451009e+11
4.483855948021186e-03 2.499100266930869e+11
4.514967772036102e-03 2.498719004202651e+11
4.546295469532400e-03 2.498332486549080e+11
4.577840538376616e-03 2.497940642309185e+11
4.609604486828434e-03 2.497543398866300e+11
4.641588833612777e-03 2.497140682635924e+11
4.673795107992464e-03 2.496732419053449e+11
4.706224849841282e-03 2.496318532561746e+11
4.738879609717651e-03 2.495898946598617e+11
4.771760948938746e-03 2.495473583584099e+11
4.804870439655129e-03 2.495042364907642e+11
4.838209664925958e-03 2.494605210915127e+11
4.871780218794631e-03 2.494162040895756e+11
4.905583706365045e-03 2.493712773068790e+11
4.939621743878321e-03 2.493257324570147e+11
4.973895958790063e-03 2.492795611438850e+11
5.008407989848212e-03 2.492327548603337e+11
5.043159487171359e-03 2.491853049867611e+11
5.078152112327670e-03 2.491372027897253e+11
5.113387538414326e-03 2.490884394205280e+11
5.148867450137492e-03 2.490390059137858e+11
5.184593543892913e-03 2.489888931859858e+11
5.220567527846975e-03 2.489380920340266e+11
5.256791122018419e-03 2.488865931337437e+11
5.293266058360562e-03 2.488343870384201e+11
5.329994080844088e-03 2.487814641772808e+11
5.366976945540477e-03 2.487278148539725e+11
5.404216420705915e-03 2.486734292450279e+11
5.441714286865887e-03 2.486182973983136e+11
5.479472336900287e-03 2.485624092314633e+11
5.517492376129128e-03 2.485057545302947e+11
5.555776222398878e-03 2.484483229472113e+11
5.594325706169377e-03 2.483901039995876e+11
5.633142670601352e-03 2.483310870681393e+11
5.672228971644543e-03 2.482712613952770e+11
5.711586478126435e-03 2.482106160834447e+11
5.751217071841614e-03 2.481491400934414e+11
5.791122647641758e-03 2.480868222427280e+11
5.831305113526219e-03 2.480236512037170e+11
5.871766390733255e-03 2.479596155020470e+11
5.912508413831881e-03 2.478947035148408e+11
5.953533130814370e-03 2.478289034689481e+11
5.994842503189409e-03 2.477622034391711e+11
6.036438506075864e-03 2.476945913464752e+11
6.078323128297230e-03 2.476260549561829e+11
6.120498372476703e-03 2.475565818761526e+11
6.162966255132942e-03 2.474861595549401e+11
6.205728806776500e-03 2.474147752799458e+11
6.248788072006888e-03 2.473424161755447e+11
6.292146109610344e-03 2.472690692012011e+11
6.335804992658254e-03 2.471947211495676e+11
6.379766808606282e-03 2.471193586445682e+11
6.424033659394191e-03 2.470429681394658e+11
6.468607661546328e-03 2.469655359149138e+11
6.513490946272803e-03 2.468870480769928e+11
6.558685659571436e-03 2.468074905552314e+11
6.604193962330305e-03 2.467268491006120e+11
6.650018030431118e-03 2.466451092835612e+11
6.696160054853222e-03 2.465622564919250e+11
6.742622241778342e-03 2.464782759289297e+11
6.789406812696112e-03 2.463931526111270e+11
6.836516004510238e-03 2.463068713663256e+11
6.883952069645496e-03 2.462194168315073e+11
6.931717276155407e-03 2.461307734507298e+11
6.979813907830660e-03 2.460409254730141e+11
7.028244264308352e-03 2.459498569502197e+11
7.077010661181890e-03 2.458575517349042e+11
7.126115430111745e-03 2.457639934781714e+11
7.175560918936928e-03 2.456691656275044e+11
7.225349491787214e-03 2.455730514245871e+11
7.275483529196233e-03 2.454756339031122e+11
7.325965428215230e-03 2.453768958865773e+11
7.376797602527731e-03 2.452768199860685e+11
7.427982482564918e-03 2.451753885980325e+11
7.479522515621821e-03 2.450725839020375e+11
7.531420165974375e-03 2.449683878585221e+11
7.583677914997190e-03 2.448627822065347e+11
7.636298261282242e-03 2.447557484614616e+11
7.689283720758313e-03 2.446472679127459e+11
7.742636826811269e-03 2.445373216215965e+11
7.796360130405237e-03 2.444258904186878e+11
7.850456200204510e-03 2.443129549018518e+11
7.904927622696420e-03 2.441984954337612e+11
7.959777002314986e-03 2.440824921396054e+11
8.015006961565405e-03 2.439649249047590e+11
8.070620141149508e-03 2.438457733724447e+11
8.126619200091946e-03 2.437250169413894e+11
8.183006815867389e-03 2.436026347634757e+11
8.239785684528520e-03 2.434786057413878e+11
8.296958520834907e-03 2.433529085262553e+11
8.354528058382871e-03 2.432255215152911e+11
8.412497049736118e-03 2.430964228494289e+11
8.470868266557402e-03 2.429655904109577e+11
8.529644499741026e-03 2.428330018211556e+11
8.588828559546249e-03 2.426986344379233e+11
8.648423275731726e-03 2.425624653534180e+11
8.708431497690725e-03 2.424244713916888e+11
8.768856094587427e-03 2.422846291063142e+11
8.829699955494092e-03 2.421429147780436e+11
8.890965989529159e-03 2.419993044124417e+11
8.952657125996400e-03 2.418537737375392e+11
9.014776314524917e-03 2.417062982014893e+11
9.077326525210224e-03 2.415568529702314e+11
9.140310748756233e-03 2.414054129251634e+11
9.203731996618222e-03 2.412519526608233e+11
9.267593301146883e-03 2.410964464825819e+11
9.331897715733239e-03 2.409388684043471e+11
9.396648314954691e-03 2.407791921462817e+11
9.461848194722003e-03 2.406173911325354e+11
9.527500472427290e-03 2.404534384889933e+11
9.593608287093146e-03 2.402873070410411e+11
9.660174799522647e-03 2.401189693113494e+11
9.727203192450537e-03 2.399483975176780e+11
9.794696670695395e-03 2.397755635707024e+11
9.862658461312821e-03 2.396004390718635e+11
9.931091813749801e-03 2.394229953112420e+11
1.000000000000000e-02 2.392432032654605e+11
1.006938631476028e-02 2.390610335956126e+11
1.013925407558815e-02 2.388764566452241e+11
1.020960662306047e-02 2.386894424382451e+11
1.028044732093309e-02 2.384999606770767e+11
1.035177955630176e-02 2.383079807406336e+11
1.042360673976402e-02 2.381134716824450e+11
1.049593230558228e-02 2.379164022287961e+11
1.056875971184804e-02 2.377167407769110e+11
1.064209244064724e-02 2.375144553931814e+11
1.071593399822671e-02 2.373095138114417e+11
1.079028791516184e-02 2.371018834312934e+11
1.086515774652538e-02 2.368915313164810e+11
1.094054707205742e-02 2.366784241933235e+11
1.101645949633656e-02 2.364625284492009e+11
1.109289864895223e-02 2.362438101311015e+11
1.116986818467823e-02 2.360222349442312e+11
1.124737178364752e-02 2.357977682506877e+11
1.132541315152811e-02 2.355703750682023e+11
1.140399601970032e-02 2.353400200689537e+11
1.148312414543511e-02 2.351066675784547e+11
1.156280131207376e-02 2.348702815745164e+11
1.164303132920877e-02 2.346308256862929e+11
1.172381803286598e-02 2.343882631934094e+11
1.180516528568805e-02 2.341425570251771e+11
1.188707697711903e-02 2.338936697598996e+11
1.196955702359043e-02 2.336415636242722e+11
1.205260936870843e-02 2.333862004928795e+11
1.213623798344241e-02 2.331275418877946e+11
1.222044686631488e-02 2.328655489782837e+11
1.230524004359262e-02 2.326001825806200e+11
1.239062156947916e-02 2.323314031580108e+11
1.247659552630870e-02 2.320591708206428e+11
1.256316602474121e-02 2.317834453258483e+11
1.265033720395903e-02 2.315041860783994e+11
1.273811323186478e-02 2.312213521309301e+11
1.282649830528061e-02 2.309349021844974e+11
1.291549665014884e-02 2.306447945892788e+11
1.300511252173409e-02 2.303509873454177e+11
1.309535020482667e-02 2.300534381040163e+11
1.318621401394749e-02 2.297521041682851e+11
1.327770829355430e-02 2.294469424948512e+11
1.336983741824947e-02 2.291379096952328e+11
1.346260579298910e-02 2.288249620374839e+11
1.355601785329368e-02 2.285080554480157e+11
1.365007806546014e-02 2.281871455135989e+11
1.374479092677537e-02 2.278621874835560e+11
1.384016096573132e-02 2.275331362721445e+11
1.393619274224143e-02 2.271999464611418e+11
1.403289084785873e-02 2.268625723026349e+11
1.413025990599534e-02 2.265209677220231e+11
1.422830457214353e-02 2.261750863212385e+11
1.432702953409831e-02 2.258248813821924e+11
1.442643951218158e-02 2.254703058704532e+11
1.452653925946780e-02 2.251113124391632e+11
1.462733356201130e-02 2.247478534332012e+11
1.472882723907503e-02 2.243798808935980e+11
1.483102514336104e-02 2.240073465622120e+11
1.493393216124252e-02 2.236302018866723e+11
1.503755321299738e-02 2.232483980255971e+11
1.514189325304352e-02 2.228618858540951e+11
1.524695727017574e-02 2.224706159695568e+11
1.535275028780423e-02 2.220745386977452e+11
1.545927736419478e-02 2.216736040991931e+11
1.556654359271061e-02 2.212677619759150e+11
1.567455410205595e-02 2.208569618784428e+11
1.578331405652117e-02 2.204411531131939e+11
1.589282865622978e-02 2.200202847501789e+11
1.600310313738701e-02 2.195943056310596e+11
1.611414277253019e-02 2.191631643775656e+11
1.622595287078087e-02 2.187268094002782e+11
1.633853877809861e-02 2.182851889077909e+11
1.645190587753663e-02 2.178382509162570e+11
1.656605958949914e-02 2.173859432593326e+11
1.668100537200059e-02 2.169282135985246e+11
1.679674872092653e-02 2.164650094339550e+11
1.691329517029648e-02 2.159962781155495e+11
1.703065029252844e-02 2.155219668546625e+11
1.714881969870540e-02 2.150420227361465e+11
1.726780903884356e-02 2.145563927308776e+11
1.738762400216250e-02 2.140650237087482e+11
1.750827031735724e-02 2.135678624521348e+11
1.762975375287206e-02 2.130648556698554e+11
1.775208011717635e-02 2.125559500116227e+11
1.787525525904235e-02 2.120410920830090e+11
1.799928506782476e-02 2.115202284609289e+11
1.812417547374237e-02 2.109933057096547e+11
1.824993244816153e-02 2.104602703973735e+11
1.837656200388171e-02 2.099210691132982e+11
1.850407019542302e-02 2.093756484853422e+11
1.863246311931560e-02 2.088239551983726e+11
1.876174691439120e-02 2.082659360130482e+11
1.889192776207666e-02 2.077015377852592e+11
1.902301188668945e-02 2.071307074861761e+11
1.915500555573528e-02 2.065533922229207e+11
1.928791508020778e-02 2.059695392598721e+11
1.942174681489026e-02 2.053790960406167e+11
1.955650715865949e-02 2.047820102105560e+11
1.969220255479173e-02 2.041782296401826e+11
1.982883949127071e-02 2.035677024490364e+11
1.996642450109793e-02 2.029503770303524e+11
2.010496416260498e-02 2.023262020764113e+11
2.024446509976804e-02 2.016951266046050e+11
2.038493398252463e-02 2.010570999842274e+11
2.052637752709252e-02 2.004120719640027e+11
2.066880249629082e-02 1.997599927003615e+11
2.081221569986338e-02 1.991008127864758e+11
2.095662399480433e-02 1.984344832820645e+11
2.110203428568596e-02 1.977609557439792e+11
2.124845352498883e-02 1.970801822575805e+11
2.139588871343422e-02 1.963921154689170e+11
2.154434690031883e-02 1.956967086177139e+11
2.169383518385185e-02 1.949939155711842e+11
2.184436071149427e-02 1.942836908586700e+11
2.199593068030075e-02 1.935659897071233e+11
2.214855233726359e-02 1.928407680774358e+11
2.230223297965938e-02 1.921079827016259e+11
2.245697995539774e-02 1.913675911208913e+11
2.261280066337278e-02 1.906195517245337e+11
2.276970255381680e-02 1.898638237897647e+11
2.292769312865650e-02 1.891003675223982e+11
2.308677994187169e-02 1.883291440984365e+11
2.324697059985648e-02 1.875501157065546e+11
2.340827276178293e-02 1.867632455914900e+11
2.357069413996728e-02 1.859684980983399e+11
2.373424250023868e-02 1.851658387177717e+11
2.389892566231049e-02 1.843552341321485e+11
2.406475150015424e-02 1.835366522625737e+11
2.423172794237599e-02 1.827100623168545e+11
2.439986297259550e-02 1.818754348383864e+11
2.456916462982791e-02 1.810327417559582e+11
2.473964100886813e-02 1.801819564344765e+11
2.491130026067789e-02 1.793230537266080e+11
2.508415059277540e-02 1.784560100253363e+11
2.525820026962785e-02 1.775808033174298e+11
2.543345761304650e-02 1.766974132378150e+11
2.560993100258458e-02 1.758058211248492e+11
2.578762887593801e-02 1.749060100764848e+11
2.596655972934871e-02 1.739979650073171e+11
2.614673211801092e-02 1.730816727065052e+11
2.632815465648021e-02 1.721571218965531e+11
2.651083601908538e-02 1.712243032929413e+11
2.669478494034321e-02 1.702832096645900e+11
2.688001021537606e-02 1.693338358951422e+11
2.706652070033241e-02 1.683761790450462e+11
2.725432531281029e-02 1.674102384144182e+11
2.744343303228364e-02 1.664360156066656e+11
2.763385290053170e-02 1.654535145928451e+11
2.782559402207124e-02 1.644627417767346e+11
2.801866556459195e-02 1.634637060605872e+11
2.821307675939472e-02 1.624564189115418e+11
2.840883690183302e-02 1.614408944286578e+11
2.860595535175742e-02 1.604171494105400e+11
2.880444153396296e-02 1.593852034235198e+11
2.900430493863992e-02 1.583450788703526e+11
2.920555512182747e-02 1.572968010593916e+11
2.940820170587062e-02 1.562403982741961e+11
2.961225437988034e-02 1.551759018435273e+11
2.981772290019672e-02 1.541033462116838e+11
3.002461709085549e-02 1.530227690091262e+11
3.023294684405778e-02 1.519342111233368e+11
3.044272212064303e-02 1.508377167698568e+11
3.065395295056527e-02 1.497333335634431e+11
3.086664943337273e-02 1.486211125892797e+11
3.108082173869064e-02 1.475011084741805e+11
3.129648010670752e-02 1.463733794577118e+11
3.151363484866479e-02 1.452379874631637e+11
3.173229634734976e-02 1.440949981682939e+11
3.195247505759212e-02 1.429444810757663e+11
3.217418150676372e-02 1.417865095831989e+11
3.239742629528197e-02 1.406211610527380e+11
3.262222009711670e-02 1.394485168800670e+11
3.284857366030044e-02 1.382686625627561e+11
3.307649780744241e-02 1.370816877678573e+11
3.330600343624589e-02 1.358876863986424e+11
3.353710152002930e-02 1.346867566603792e+11
3.376980310825092e-02 1.334790011250378e+11
3.400411932703706e-02 1.322645267948140e+11
3.424006137971424e-02 1.310434451643523e+11
3.447764054734464e-02 1.298158722815498e+11
3.471686818926562e-02 1.285819288068146e+11
3.495775574363275e-02 1.273417400706503e+11
3.520031472796679e-02 1.260954361294346e+11
3.544455673970433e-02 1.248431518192542e+11
3.569049345675230e-02 1.235850268076559e+11
3.593813663804628e-02 1.223212056431683e+11
3.618749812411280e-02 1.210518378024458e+11
3.643858983763545e-02 1.197770777348811e+11
3.669142378402492e-02 1.184970849045301e+11
3.694601205199302e-02 1.172120238291881e+11
3.720236681413068e-02 1.159220641164526e+11
3.746050032748993e-02 1.146273804966041e+11
3.772042493416997e-02 1.133281528521336e+11
3.798215306190734e-02 1.120245662437395e+11
3.824569722466999e-02 1.107168109326181e+11
3.851107002325571e-02 1.094050823988605e+11
3.877828414589457e-02 1.080895813557755e+11
3.904735236885560e-02 1.067705137599456e+11
3.931828755705769e-02 1.054480908168273e+11
3.959110266468459e-02 1.041225289817015e+11
3.986581073580441e-02 1.027940499557760e+11
4.014242490499322e-02 1.014628806772433e+11
4.042095839796308e-02 1.001292533070928e+11
4.070142453219436e-02 9.879340520947386e+10
4.098383671757262e-02 9.745557892640869e+10
4.126820845702954e-02 9.611602214664934e+10
4.155455334718875e-02 9.477498766847342e+10
4.184288507901582e-02 9.343273335621391e+10
4.213321743847287e-02 9.208952209031813e+10
4.242556430717777e-02 9.074562171072989e+10
4.271993966306779e-02 8.940130495339336e+10
4.301635758106795e-02 8.805684937967410e+10
4.331483223376401e-02 8.671253729849889e+10
4.361537789208003e-02 8.536865568101579e+10
4.391800892596086e-02 8.402549606757976e+10
4.422273980505900e-02 8.268335446687405e+10
4.452958509942655e-02 8.134253124697914e+10
4.483855948021188e-02 8.000333101820828e+10
4.514967772036100e-02 7.866606250753389e+10
4.546295469532399e-02 7.733103842443384e+10
4.577840538376619e-02 7.599857531799641e+10
4.609604486828434e-02 7.466899342512758e+10
4.641588833612779e-02 7.334261650971472e+10
4.673795107992461e-02 7.201977169261041e+10
4.706224849841281e-02 7.070078927230841e+10
4.738879609717653e-02 6.938600253619829e+10
4.771760948938746e-02 6.807574756229292e+10
4.804870439655132e-02 6.677036301134075e+10
4.838209664925955e-02 6.547018990924476e+10
4.871780218794631e-02 6.417557141972728e+10
4.905583706365048e-02 6.288685260719608e+10
4.939621743878321e-02 6.160438018978157e+10
4.973895958790065e-02 6.032850228253596e+10
5.008407989848210e-02 5.905956813080240e+10
5.043159487171359e-02 5.779792783378327e+10
5.078152112327673e-02 5.654393205835822e+10
5.113387538414326e-02 5.529793174322325e+10
5.148867450137495e-02 5.406027779344796e+10
5.184593543892910e-02 5.283132076557127e+10
5.220567527846975e-02 5.161141054338162e+10
5.256791122018422e-02 5.040089600455566e+10
5.293266058360561e-02 4.920012467835504e+10
5.329994080844090e-02 4.800944239461308e+10
5.366976945540476e-02 4.682919292426967e+10
5.404216420705915e-02 4.565971761174716e+10
5.441714286865890e-02 4.450135499948901e+10
5.479472336900287e-02 4.335444044501905e+10
5.517492376129126e-02 4.221930573091035e+10
5.555776222398878e-02 4.109627866808955e+10
5.594325706169378e-02 3.998568269293762e+10
5.633142670601355e-02 3.888783645868386e+10
5.672228971644543e-02 3.780305342162884e+10
5.711586478126432e-02 3.673164142276675e+10
5.751217071841613e-02 3.567390226541962e+10
5.791122647641758e-02 3.463013128953148e+10
5.831305113526222e-02 3.360061694331104e+10
5.871766390733255e-02 3.258564035295138e+10
5.912508413831878e-02 3.158547489119212e+10
5.953533130814370e-02 3.060038574553165e+10
5.994842503189409e-02 2.963062948693423e+10
6.036438506075867e-02 2.867645363991586e+10
6.078323128297230e-02 2.773809625493250e+10
6.120498372476699e-02 2.681578548402911e+10
6.162966255132942e-02 2.590973916074774e+10
6.205728806776500e-02 2.502016438532640e+10
6.248788072006891e-02 2.414725711625546e+10
6.292146109610344e-02 2.329120176929281e+10
6.335804992658250e-02 2.245217082506727e+10
6.379766808606283e-02 2.163032444643200e+10
6.424033659394190e-02 2.082581010675562e+10
6.468607661546324e-02 2.003876223036291e+10
6.513490946272803e-02 1.926930184636123e+10
6.558685659571432e-02 1.851753625710508e+10
6.604193962330306e-02 1.778355872256994e+10
6.650018030431118e-02 1.706744816191746e+10
6.696160054853219e-02 1.636926887354304e+10
6.742622241778343e-02 1.568907027490300e+10
6.789406812696110e-02 1.502688666341617e+10
6.836516004510239e-02 1.438273699973347e+10
6.883952069645496e-02 1.375662471465826e+10
6.931717276155404e-02 1.314853754098610e+10
6.979813907830661e-02 1.255844737151395e+10
7.028244264308349e-02 1.198631014444169e+10
7.077010661181890e-02 1.143206575735859e+10
7.126115430111746e-02 1.089563801096985e+10
7.175560918936924e-02 1.037693458367263e+10
7.225349491787214e-02 9.875847038042337e+09
7.275483529196229e-02 9.392250860229858e+09
7.325965428215230e-02 8.926005533207121e+09
7.376797602527735e-02 8.476954644725378e+09
7.427982482564914e-02 8.044926030771535e+09
7.479522515621821e-02 7.629731955219858e+09
7.531420165974372e-02 7.231169326283231e+09
7.583677914997190e-02 6.849019950263910e+09
7.636298261282246e-02 6.483050822995569e+09
7.689283720758310e-02 6.133014459249962e+09
7.742636826811269e-02 5.798649260256673e+09
7.796360130405233e-02 5.479679919352829e+09
7.850456200204509e-02 5.175817865639340e+09
7.904927622696424e-02 4.886761745374564e+09
7.959777002314981e-02 4.612197940683599e+09
8.015006961565405e-02 4.351801125001797e+09
8.070620141149504e-02 4.105234854507290e+09
8.126619200091946e-02 3.872152194626441e+09
8.183006815867394e-02 3.652196380522327e+09
8.239785684528515e-02 3.445001510297552e+09
8.296958520834907e-02 3.250193269460762e+09
8.354528058382867e-02 3.067389685022522e+09
8.412497049736119e-02 2.896201907399766e+09
8.470868266557406e-02 2.736235018122445e+09
8.529644499741021e-02 2.587088861149514e+09
8.588828559546249e-02 2.448358895417431e+09
8.648423275731722e-02 2.319637066062754e+09
8.708431497690725e-02 2.200512691582604e+09
8.768856094587431e-02 2.090573364024952e+09
8.829699955494087e-02 1.989405859134855e+09
8.890965989529158e-02 1.896597053225755e+09
8.952657125996397e-02 1.811734843397193e+09
9.014776314524918e-02 1.734409067583870e+09
9.077326525210229e-02 1.664212420797564e+09
9.140310748756228e-02 1.600741363814164e+09
9.203731996618221e-02 1.543597020464980e+09
9.267593301146879e-02 1.492386059616099e+09
9.331897715733239e-02 1.446721557863366e+09
9.396648314954696e-02 1.406223838935340e+09
9.461848194721997e-02 1.370521285783784e+09
9.527500472427290e-02 1.339251121352344e+09
9.593608287093142e-02 1.312060154050618e+09
9.660174799522646e-02 1.288605484023965e+09
9.727203192450543e-02 1.268555166400596e+09
9.794696670695395e-02 1.251588827817564e+09
9.862658461312820e-02 1.237398232677387e+09
9.931091813749796e-02 1.225687795767776e+09
1.000000000000000e-01 1.216175038088959e+09
1.006938631476027e-01 1.208590982976679e+09
1.013925407558815e-01 1.202680489884192e+09
1.020960662306046e-01 1.198202523493340e+09
1.028044732093310e-01 1.194930356162483e+09
1.035177955630176e-01 1.192651702087098e+09
1.042360673976401e-01 1.191168781945914e+09
1.049593230558228e-01 1.190298317230234e+09
1.056875971184804e-01 1.189871453904697e+09
1.064209244064725e-01 1.189733615521960e+09
1.071593399822671e-01 1.189744286409130e+09
1.079028791516184e-01 1.189776726057078e+09
1.086515774652538e-01 1.189717616371908e+09
1.094054707205742e-01 1.189466643986736e+09
1.101645949633657e-01 1.188936020377698e+09
1.109289864895223e-01 1.188049943075913e+09
1.116986818467823e-01 1.186744001812221e+09
1.124737178364752e-01 1.184964533968552e+09
1.132541315152811e-01 1.182667934233200e+09
1.140399601970033e-01 1.179819923861035e+09
1.148312414543511e-01 1.176394785418007e+09
1.156280131207375e-01 1.172374569335336e+09
1.164303132920877e-01 1.167748279006654e+09
1.172381803286599e-01 1.162511041523996e+09
1.180516528568806e-01 1.156663271459775e+09
1.188707697711903e-01 1.150209835354999e+09
1.196955702359043e-01 1.143159224762808e+09
1.205260936870843e-01 1.135522745814752e+09
1.213623798344241e-01 1.127313733319477e+09
1.222044686631489e-01 1.118546797364214e+09
1.230524004359262e-01 1.109237110264092e+09
1.239062156947916e-01 1.099399741488597e+09
1.247659552630870e-01 1.089049047885332e+09
1.256316602474120e-01 1.078198126116061e+09
1.265033720395904e-01 1.066858333717474e+09
1.273811323186478e-01 1.055038884598980e+09
1.282649830528060e-01 1.042746524092798e+09
1.291549665014884e-01 1.029985287880182e+09
1.300511252173409e-01 1.016756348235108e+09
1.309535020482668e-01 1.003057950058413e+09
1.318621401394748e-01 9.888854381278374e+08
1.327770829355429e-01 9.742313758706254e+08
1.336983741824947e-01 9.590857547854739e+08
1.346260579298910e-01 9.434362924106207e+08
1.355601785329369e-01 9.272688154680444e+08
1.365007806546014e-01 9.105677235245429e+08
1.374479092677537e-01 8.933165272146175e+08
1.384016096573132e-01 8.754984537853512e+08
1.393619274224142e-01 8.570971114679565e+08
1.403289084785873e-01 8.380972029741710e+08
1.413025990599534e-01 8.184852772787181e+08
1.422830457214352e-01 7.982505078022048e+08
1.432702953409831e-01 7.773854841739388e+08
1.442643951218157e-01 7.558870039520605e+08
1.452653925946781e-01 7.337568500302582e+08
1.462733356201130e-01 7.110025389865286e+08
1.472882723907502e-01 6.876380253486623e+08
1.483102514336104e-01 6.636843466815344e+08
1.493393216124252e-01 6.391701945579933e+08
1.503755321299738e-01 6.141323968716106e+08
1.514189325304352e-01 5.886162975963285e+08
1.524695727017575e-01 5.626760210017130e+08
1.535275028780423e-01 5.363746084971594e+08
1.545927736419477e-01 5.097840177025673e+08
1.556654359271062e-01 4.829849750223264e+08
1.567455410205595e-01 4.560666749233171e+08
1.578331405652118e-01 4.291263212715670e+08
1.589282865622978e-01 4.022685084461891e+08
1.600310313738700e-01 3.756044424973063e+08
1.611414277253020e-01 3.492510053171290e+08
1.622595287078087e-01 3.233296676135126e+08
1.633853877809862e-01 2.979652593729230e+08
1.645190587753662e-01 2.732846094295010e+08
1.656605958949914e-01 2.494150686686906e+08
1.668100537200059e-01 2.264829342355397e+08
1.679674872092653e-01 2.046117948324561e+08
1.691329517029649e-01 1.839208197216854e+08
1.703065029252844e-01 1.645230163349673e+08
1.714881969870539e-01 1.465234833777353e+08
1.726780903884356e-01 1.300176879408786e+08
1.738762400216251e-01 1.150897963439882e+08
1.750827031735725e-01 1.018110891796892e+08
1.762975375287206e-01 9.023849126330440e+07
1.775208011717634e-01 8.041324687666117e+07
1.787525525904236e-01 7.235976979898408e+07
1.799928506782476e-01 6.608469611979040e+07
1.812417547374238e-01 6.157616571828365e+07
1.824993244816152e-01 5.880335557208505e+07
1.837656200388171e-01 5.771628473923255e+07
1.850407019542302e-01 5.824590696897639e+07
1.863246311931560e-01 6.030450248041341e+07
1.876174691439121e-01 6.378637555935830e+07
1.889192776207666e-01 6.856885933283614e+07
1.902301188668944e-01 7.451362347073202e+07
1.915500555573528e-01 8.146827473163669e+07
1.928791508020778e-01 8.926823432258508e+07
1.942174681489026e-01 9.773887009785108e+07
1.955650715865949e-01 1.066978558057065e+08
1.969220255479172e-01 1.159577240353065e+08
1.982883949127071e-01 1.253285743522171e+08
1.996642450109793e-01 1.346208934744198e+08
2.010496416260499e-01 1.436484403608920e+08
2.024446509976804e-01 1.522311458852802e+08
2.038493398252462e-01 1.601979744607184e+08
2.052637752709252e-01 1.673896936670639e+08
2.066880249629082e-01 1.736614976904486e+08
2.081221569986339e-01 1.788854312777719e+08
2.095662399480433e-01 1.829525629729733e+08
2.110203428568594e-01 1.857748596491325e+08
2.124845352498883e-01 1.872867187639461e+08
2.139588871343422e-01 1.874461203003705e+08
2.154434690031884e-01 1.862353669335265e+08
2.169383518385184e-01 1.836613884842891e+08
2.184436071149426e-01 1.797555950456636e+08
2.199593068030075e-01 1.745732721398744e+08
2.214855233726359e-01 1.681925206981050e+08
2.230223297965939e-01 1.607127543469789e+08
2.245697995539774e-01 1.522527762166419e+08
2.261280066337277e-01 1.429484670245227e+08
2.276970255381680e-01 1.329501253021049e+08
2.292769312865649e-01 1.224195090860283e+08
2.308677994187170e-01 1.115266359646292e+08
2.324697059985648e-01 1.004464048461290e+08
2.340827276178292e-01 8.935510800518389e+07
2.357069413996728e-01 7.842690570792915e+07
2.373424250023866e-01 6.783033788101622e+07
2.389892566231050e-01 5.772494778381363e+07
2.406475150015424e-01 4.825809141144135e+07
2.423172794237598e-01 3.956200338872861e+07
2.439986297259550e-01 3.175118544515313e+07
2.456916462982790e-01 2.492017726512014e+07
2.473964100886814e-01 1.914176170629157e+07
2.491130026067788e-01 1.446564723002722e+07
2.508415059277538e-01 1.091766008690514e+07
2.525820026962785e-01 8.499467572082179e+06
2.543345761304648e-01 7.188841759616992e+06
2.560993100258460e-01 6.940460810003023e+06
2.578762887593801e-01 7.687232500479072e+06
2.596655972934870e-01 9.342112337214675e+06
2.614673211801092e-01 1.180037675420078e+07
2.632815465648020e-01 1.494230075927777e+07
2.651083601908539e-01 1.863617921319073e+07
2.669478494034321e-01 2.274162196436534e+07
2.688001021537605e-01 2.711304552963568e+07
2.706652070033241e-01 3.160327810351277e+07
2.725432531281028e-01 3.606719056275251e+07
2.744343303228365e-01 4.036526394697092e+07
2.763385290053170e-01 4.436700374785937e+07
2.782559402207126e-01 4.795411330604835e+07
2.801866556459195e-01 5.102334273981142e+07
2.821307675939471e-01 5.348893612312342e+07
2.840883690183304e-01 5.528460806366231e+07
2.860595535175742e-01 5.636499133453758e+07
2.880444153396298e-01 5.670650967056358e+07
2.900430493863992e-01 5.630764408246428e+07
2.920555512182745e-01 5.518857684380604e+07
2.940820170587063e-01 5.339021437447301e+07
2.961225437988034e-01 5.097260822026473e+07
2.981772290019674e-01 4.801281177673957e+07
3.002461709085549e-01 4.460222881945781e+07
3.023294684405776e-01 4.084352770528629e+07
3.044272212064303e-01 3.684721166294524e+07
3.065395295056527e-01 3.272795021249955e+07
3.086664943337274e-01 2.860078873678568e+07
3.108082173869064e-01 2.457736187225237e+07
3.129648010670750e-01 2.076224103310248e+07
3.151363484866480e-01 1.724954645465498e+07
3.173229634734976e-01 1.411994919088472e+07
3.195247505759213e-01 1.143817825328442e+07
3.217418150676372e-01 9.251132478894889e+06
3.239742629528196e-01 7.586675968354457e+06
3.262222009711670e-01 6.453170532071080e+06
3.284857366030043e-01 5.839769319508157e+06
3.307649780744242e-01 5.717463780084487e+06
3.330600343624588e-01 6.040842689571963e+06
3.353710152002929e-01 6.750488780434866e+06
3.376980310825091e-01 7.775907307684613e+06
3.400411932703706e-01 9.038853502449621e+06
3.424006137971425e-01 1.045690411053876e+07
3.447764054734464e-01 1.194710371262433e+07
3.471686818926559e-01 1.342951060816862e+07
3.495775574363275e-01 1.483047062362236e+07
3.520031472796679e-01 1.608546064607711e+07
3.544455673970436e-01 1.714136673198033e+07
3.569049345675230e-01 1.795809336935690e+07
3.593813663804626e-01 1.850943927854985e+07
3.618749812411280e-01 1.878321879391103e+07
3.643858983763544e-01 1.878065363415194e+07
3.669142378402494e-01 1.851510464622702e+07
3.694601205199303e-01 1.801025365953107e+07
3.720236681413066e-01 1.729787878336429e+07
3.746050032748993e-01 1.641538956372843e+07
3.772042493416998e-01 1.540329926463322e+07
3.798215306190736e-01 1.430280890502030e+07
3.824569722466999e-01 1.315366136967983e+07
3.851107002325569e-01 1.199239488419591e+07
3.877828414589458e-01 1.085108552997536e+07
3.904735236885560e-01 9.756621471960075e+06
3.931828755705770e-01 8.730501228707286e+06
3.959110266468459e-01 7.789099219641728e+06
3.986581073580439e-01 6.944298702256142e+06
4.014242490499322e-01 6.204359472262513e+06
4.042095839796306e-01 5.574868971426694e+06
4.070142453219439e-01 5.059623151112222e+06
4.098383671757261e-01 4.661298440744876e+06
4.126820845702952e-01 4.381807568498353e+06
4.155455334718876e-01 4.222277062647659e+06
4.184288507901580e-01 4.182638644960229e+06
4.213321743847289e-01 4.260884704236585e+06
4.242556430717777e-01 4.452093092414828e+06
4.271993966306777e-01 4.747371949292885e+06
4.301635758106795e-01 5.132905048623990e+06
4.331483223376398e-01 5.589287499349763e+06
4.361537789208006e-01 6.091327732635573e+06
4.391800892596086e-01 6.608454216519821e+06
4.422273980505897e-01 7.105806628054813e+06
4.452958509942656e-01 7.546016302002380e+06
4.483855948021186e-01 7.891596996625108e+06
4.514967772036102e-01 8.107783356463602e+06
4.546295469532399e-01 8.165580650047124e+06
4.577840538376616e-01 8.044734853177830e+06
4.609604486828434e-01 7.736304958046752e+06
4.641588833612778e-01 7.244525093793106e+06
4.673795107992463e-01 6.587684956766893e+06
4.706224849841282e-01 5.797831706772982e+06
4.738879609717651e-01 4.919199544759432e+06
4.771760948938746e-01 4.005395746981052e+06
4.804870439655129e-01 3.115502280125988e+06
4.838209664925957e-01 2.309376845475846e+06
4.871780218794631e-01 1.642542530610734e+06
4.905583706365045e-01 1.161128528591598e+06
4.939621743878321e-01 8.973554888953640e+05
4.973895958790063e-01 8.660416085002455e+05
5.008407989848213e-01 1.062537803366159e+06
5.043159487171359e-01 1.462385556876381e+06
5.078152112327676e-01 2.022837723706143e+06
5.113387538414326e-01 2.686203625220863e+06
5.148867450137492e-01 3.384791732244339e+06
5.184593543892912e-01 4.047044832582966e+06
5.220567527846975e-01 4.604313117347634e+06
5.256791122018425e-01 4.997608093422037e+06
5.293266058360562e-01 5.183639444393734e+06
5.329994080844088e-01 5.139467704280149e+06
5.366976945540476e-01 4.865211060979612e+06
5.404216420705915e-01 4.384420188940664e+06
5.441714286865893e-01 3.741967830042840e+06
5.479472336900287e-01 2.999568952882549e+06
5.517492376129123e-01 2.229324959136511e+06
5.555776222398878e-01 1.505939285606071e+06
5.594325706169377e-01 8.984483950555787e+05
5.633142670601358e-01 4.624210494059447e+05
5.672228971644544e-01 2.335769572848041e+05
5.711586478126429e-01 2.236523795016497e+05
5.751217071841613e-01 4.190994815781251e+05
5.791122647641759e-01 7.828697386620807e+05
5.831305113526225e-01 1.259137638249287e+06
5.871766390733255e-01 1.780420442965780e+06
5.912508413831875e-01 2.276200798958239e+06
5.953533130814370e-01 2.681917744518560e+06
5.994842503189409e-01 2.947103209642862e+06
6.036438506075870e-01 3.041530211261469e+06
6.078323128297229e-01 2.958503591804106e+06
6.120498372476697e-01 2.714832774458002e+06
6.162966255132942e-01 2.347520091217615e+06
6.205728806776500e-01 1.907700204903112e+06
6.248788072006894e-01 1.452791869271761e+06
6.292146109610344e-01 1.038097194845557e+06
6.335804992658248e-01 7.091536566441865e+05
6.379766808606282e-01 4.959933497312851e+05
6.424033659394190e-01 4.101161089546930e+05
6.468607661546327e-01 4.444998357421897e+05
6.513490946272803e-01 5.764420633210682e+05
6.558685659571428e-01 7.725513090571873e+05
6.604193962330305e-01 9.948752445101747e+05
6.650018030431118e-01 1.207026433579814e+06
6.696160054853222e-01 1.379264160708760e+06
6.742622241778342e-01 1.491784418084141e+06
6.789406812696106e-01 1.535889928092416e+06
6.836516004510238e-01 1.513162802211368e+06
6.883952069645496e-01 1.433144579473802e+06
6.931717276155407e-01 1.310261226994626e+06
6.979813907830660e-01 1.160770988586555e+06
7.028244264308345e-01 1.000364822515276e+06
7.077010661181889e-01 8.427623885070517e+05
7.126115430111746e-01 6.993038725999843e+05
7.175560918936928e-01 5.792340854440074e+05
7.225349491787214e-01 4.901928418470474e+05
7.275483529196225e-01 4.384138482803202e+05
7.325965428215230e-01 4.282957671993567e+05
7.376797602527730e-01 4.612978406243284e+05
7.427982482564919e-01 5.344441800695059e+05
7.479522515621821e-01 6.389933065515149e+05
7.531420165974368e-01 7.599486084837182e+05
7.583677914997191e-01 8.769912548315554e+05
7.636298261282242e-01 9.671044575529593e+05
7.689283720758313e-01 1.008684800384786e+06
7.742636826811270e-01 9.864174660847309e+05
7.796360130405229e-01 8.957766323076468e+05
7.850456200204510e-01 7.458470462144511e+05
7.904927622696420e-01 5.593496033202515e+05
7.959777002314986e-01 3.693096680873903e+05
8.015006961565405e-01 2.126407968442562e+05
8.070620141149499e-01 1.218335594998266e+05
8.126619200091946e-01 1.166785781956198e+05
8.183006815867390e-01 1.982563788351500e+05
8.239785684528520e-01 3.471217454130300e+05
8.296958520834906e-01 5.266844376050647e+05
8.354528058382863e-01 6.914250570073721e+05
8.412497049736118e-01 7.981411906981384e+05
8.470868266557402e-01 8.173363943707576e+05
8.529644499741025e-01 7.415349899056994e+05
8.588828559546250e-01 5.879293120454254e+05
8.648423275731718e-01 3.942536174356698e+05
8.708431497690724e-01 2.087414759830906e+05
8.768856094587426e-01 7.686898635401257e+04
8.829699955494091e-01 2.870209217954923e+04
8.890965989529158e-01 7.063247991971212e+04
8.952657125996401e-01 1.840415475782980e+05
9.014776314524917e-01 3.313247512742638e+05
9.077326525210223e-01 4.674048041545898e+05
9.140310748756232e-01 5.531267048208817e+05
9.203731996618221e-01 5.663573035576916e+05
9.267593301146884e-01 5.074157934531510e+05
9.331897715733238e-01 3.973727220429413e+05
9.396648314954691e-01 2.701169735606041e+05
9.461848194722002e-01 1.610855855933705e+05
9.527500472427290e-01 9.649626545484124e+04
9.593608287093147e-01 8.651428850452871e+04
9.660174799522646e-01 1.242123739544571e+05
9.727203192450538e-01 1.900524703572667e+05
9.794696670695395e-01 2.597323984041347e+05
9.862658461312821e-01 3.122871000355889e+05
9.931091813749801e-01 3.356261002913309e+05
1.000000000000000e+00 3.280365161550703e+05
