<X> <Y>
1.000000000000000e-03 1.009644934256325e+12
1.006938631476027e-03 1.009630979997256e+12
1.013925407558815e-03 1.009616831605381e+12
1.020960662306047e-03 1.009602486382528e+12
1.028044732093310e-03 1.009587941593111e+12
1.035177955630176e-03 1.009573194463592e+12
1.042360673976401e-03 1.009558242181964e+12
1.049593230558228e-03 1.009543081897216e+12
1.056875971184804e-03 1.009527710718815e+12
1.064209244064725e-03 1.009512125716122e+12
1.071593399822671e-03 1.009496323917881e+12
1.079028791516184e-03 1.009480302311625e+12
1.086515774652538e-03 1.009464057843121e+12
1.094054707205742e-03 1.009447587415791e+12
1.101645949633657e-03 1.009430887890133e+12
1.109289864895223e-03 1.009413956083120e+12
1.116986818467823e-03 1.009396788767608e+12
1.124737178364752e-03 1.009379382671714e+12
1.132541315152812e-03 1.009361734478222e+12
1.140399601970033e-03 1.009343840823926e+12
1.148312414543511e-03 1.009325698299031e+12
1.156280131207375e-03 1.009307303446472e+12
1.164303132920877e-03 1.009288652761309e+12
1.172381803286599e-03 1.009269742690026e+12
1.180516528568806e-03 1.009250569629869e+12
1.188707697711903e-03 1.009231129928187e+12
1.196955702359043e-03 1.009211419881738e+12
1.205260936870843e-03 1.009191435735970e+12
1.213623798344241e-03 1.009171173684344e+12
1.222044686631489e-03 1.009150629867595e+12
1.230524004359262e-03 1.009129800373029e+12
1.239062156947916e-03 1.009108681233760e+12
1.247659552630870e-03 1.009087268427984e+12
1.256316602474120e-03 1.009065557878217e+12
1.265033720395904e-03 1.009043545450536e+12
1.273811323186479e-03 1.009021226953778e+12
1.282649830528060e-03 1.008998598138790e+12
1.291549665014884e-03 1.008975654697597e+12
1.300511252173409e-03 1.008952392262609e+12
1.309535020482668e-03 1.008928806405809e+12
1.318621401394748e-03 1.008904892637903e+12
1.327770829355429e-03 1.008880646407493e+12
1.336983741824947e-03 1.008856063100214e+12
1.346260579298910e-03 1.008831138037878e+12
1.355601785329369e-03 1.008805866477589e+12
1.365007806546014e-03 1.008780243610859e+12
1.374479092677537e-03 1.008754264562702e+12
1.384016096573132e-03 1.008727924390732e+12
1.393619274224142e-03 1.008701218084224e+12
1.403289084785873e-03 1.008674140563187e+12
1.413025990599534e-03 1.008646686677407e+12
1.422830457214352e-03 1.008618851205487e+12
1.432702953409831e-03 1.008590628853869e+12
1.442643951218157e-03 1.008562014255849e+12
1.452653925946781e-03 1.008533001970569e+12
1.462733356201130e-03 1.008503586481997e+12
1.472882723907502e-03 1.008473762197908e+12
1.483102514336104e-03 1.008443523448834e+12
1.493393216124252e-03 1.008412864487004e+12
1.503755321299738e-03 1.008381779485275e+12
1.514189325304352e-03 1.008350262536043e+12
1.524695727017575e-03 1.008318307650148e+12
1.535275028780423e-03 1.008285908755748e+12
1.545927736419477e-03 1.008253059697197e+12
1.556654359271062e-03 1.008219754233889e+12
1.567455410205595e-03 1.008185986039112e+12
1.578331405652118e-03 1.008151748698849e+12
1.589282865622978e-03 1.008117035710610e+12
1.600310313738700e-03 1.008081840482202e+12
1.611414277253020e-03 1.008046156330513e+12
1.622595287078087e-03 1.008009976480272e+12
1.633853877809862e-03 1.007973294062787e+12
1.645190587753663e-03 1.007936102114673e+12
1.656605958949913e-03 1.007898393576559e+12
1.668100537200059e-03 1.007860161291778e+12
1.679674872092653e-03 1.007821398005038e+12
1.691329517029649e-03 1.007782096361084e+12
1.703065029252844e-03 1.007742248903332e+12
1.714881969870539e-03 1.007701848072488e+12
1.726780903884356e-03 1.007660886205147e+12
1.738762400216250e-03 1.007619355532387e+12
1.750827031735725e-03 1.007577248178318e+12
1.762975375287206e-03 1.007534556158635e+12
1.775208011717634e-03 1.007491271379142e+12
1.787525525904235e-03 1.007447385634256e+12
1.799928506782477e-03 1.007402890605499e+12
1.812417547374238e-03 1.007357777859954e+12
1.824993244816152e-03 1.007312038848721e+12
1.837656200388170e-03 1.007265664905338e+12
1.850407019542302e-03 1.007218647244182e+12
1.863246311931560e-03 1.007170976958856e+12
1.876174691439121e-03 1.007122645020552e+12
1.889192776207666e-03 1.007073642276390e+12
1.902301188668944e-03 1.007023959447737e+12
1.915500555573528e-03 1.006973587128499e+12
1.928791508020778e-03 1.006922515783403e+12
1.942174681489027e-03 1.006870735746244e+12
1.955650715865949e-03 1.006818237218111e+12
1.969220255479171e-03 1.006765010265599e+12
1.982883949127072e-03 1.006711044818983e+12
1.996642450109793e-03 1.006656330670382e+12
2.010496416260499e-03 1.006600857471890e+12
2.024446509976804e-03 1.006544614733685e+12
2.038493398252464e-03 1.006487591822115e+12
2.052637752709252e-03 1.006429777957759e+12
2.066880249629082e-03 1.006371162213458e+12
2.081221569986339e-03 1.006311733512327e+12
2.095662399480433e-03 1.006251480625735e+12
2.110203428568597e-03 1.006190392171269e+12
2.124845352498883e-03 1.006128456610653e+12
2.139588871343421e-03 1.006065662247660e+12
2.154434690031884e-03 1.006001997225989e+12
2.169383518385184e-03 1.005937449527109e+12
2.184436071149428e-03 1.005872006968081e+12
2.199593068030075e-03 1.005805657199355e+12
2.214855233726359e-03 1.005738387702532e+12
2.230223297965939e-03 1.005670185788098e+12
2.245697995539774e-03 1.005601038593135e+12
2.261280066337279e-03 1.005530933078994e+12
2.276970255381680e-03 1.005459856028948e+12
2.292769312865649e-03 1.005387794045804e+12
2.308677994187170e-03 1.005314733549492e+12
2.324697059985648e-03 1.005240660774621e+12
2.340827276178294e-03 1.005165561768007e+12
2.357069413996728e-03 1.005089422386160e+12
2.373424250023866e-03 1.005012228292754e+12
2.389892566231050e-03 1.004933964956046e+12
2.406475150015424e-03 1.004854617646284e+12
2.423172794237601e-03 1.004774171433061e+12
2.439986297259550e-03 1.004692611182651e+12
2.456916462982790e-03 1.004609921555306e+12
2.473964100886814e-03 1.004526087002514e+12
2.491130026067788e-03 1.004441091764230e+12
2.508415059277541e-03 1.004354919866073e+12
2.525820026962785e-03 1.004267555116475e+12
2.543345761304648e-03 1.004178981103814e+12
2.560993100258459e-03 1.004089181193490e+12
2.578762887593801e-03 1.003998138524985e+12
2.596655972934872e-03 1.003905836008870e+12
2.614673211801092e-03 1.003812256323783e+12
2.632815465648020e-03 1.003717381913366e+12
2.651083601908539e-03 1.003621194983169e+12
2.669478494034321e-03 1.003523677497510e+12
2.688001021537607e-03 1.003424811176298e+12
2.706652070033241e-03 1.003324577491819e+12
2.725432531281028e-03 1.003222957665480e+12
2.744343303228365e-03 1.003119932664513e+12
2.763385290053170e-03 1.003015483198643e+12
2.782559402207126e-03 1.002909589716703e+12
2.801866556459195e-03 1.002802232403231e+12
2.821307675939471e-03 1.002693391174994e+12
2.840883690183304e-03 1.002583045677499e+12
2.860595535175742e-03 1.002471175281445e+12
2.880444153396298e-03 1.002357759079137e+12
2.900430493863992e-03 1.002242775880853e+12
2.920555512182745e-03 1.002126204211176e+12
2.940820170587064e-03 1.002008022305274e+12
2.961225437988034e-03 1.001888208105135e+12
2.981772290019673e-03 1.001766739255763e+12
3.002461709085549e-03 1.001643593101327e+12
3.023294684405777e-03 1.001518746681256e+12
3.044272212064303e-03 1.001392176726302e+12
3.065395295056527e-03 1.001263859654542e+12
3.086664943337274e-03 1.001133771567346e+12
3.108082173869064e-03 1.001001888245286e+12
3.129648010670750e-03 1.000868185144004e+12
3.151363484866479e-03 1.000732637390030e+12
3.173229634734976e-03 1.000595219776551e+12
3.195247505759214e-03 1.000455906759130e+12
3.217418150676372e-03 1.000314672451378e+12
3.239742629528196e-03 1.000171490620573e+12
3.262222009711670e-03 1.000026334683228e+12
3.284857366030043e-03 9.998791777006135e+11
3.307649780744242e-03 9.997299923742233e+11
3.330600343624588e-03 9.995787510411896e+11
3.353710152002929e-03 9.994254256696490e+11
3.376980310825091e-03 9.992699878540510e+11
3.400411932703706e-03 9.991124088104194e+11
3.424006137971426e-03 9.989526593715562e+11
3.447764054734464e-03 9.987907099821921e+11
3.471686818926559e-03 9.986265306940859e+11
3.495775574363275e-03 9.984600911610674e+11
3.520031472796679e-03 9.982913606340225e+11
3.544455673970436e-03 9.981203079558301e+11
3.569049345675230e-03 9.979469015562371e+11
3.593813663804626e-03 9.977711094466799e+11
3.618749812411280e-03 9.975928992150514e+11
3.643858983763544e-03 9.974122380204070e+11
3.669142378402494e-03 9.972290925876167e+11
3.694601205199302e-03 9.970434292019595e+11
3.720236681413066e-03 9.968552137036599e+11
3.746050032748993e-03 9.966644114823663e+11
3.772042493416998e-03 9.964709874715702e+11
3.798215306190736e-03 9.962749061429677e+11
3.824569722466999e-03 9.960761315007623e+11
3.851107002325569e-03 9.958746270759086e+11
3.877828414589457e-03 9.956703559202948e+11
3.904735236885560e-03 9.954632806008678e+11
3.931828755705771e-03 9.952533631936951e+11
3.959110266468458e-03 9.950405652779709e+11
3.986581073580439e-03 9.948248479299575e+11
4.014242490499322e-03 9.946061717168680e+11
4.042095839796306e-03 9.943844966906880e+11
4.070142453219439e-03 9.941597823819353e+11
4.098383671757262e-03 9.939319877933593e+11
4.126820845702952e-03 9.937010713935780e+11
4.155455334718876e-03 9.934669911106539e+11
4.184288507901581e-03 9.932297043256091e+11
4.213321743847289e-03 9.929891678658751e+11
4.242556430717777e-03 9.927453379986854e+11
4.271993966306777e-03 9.924981704244028e+11
4.301635758106795e-03 9.922476202697844e+11
4.331483223376399e-03 9.919936420811877e+11
4.361537789208006e-03 9.917361898177095e+11
4.391800892596086e-03 9.914752168442689e+11
4.422273980505897e-03 9.912106759246212e+11
4.452958509942656e-03 9.909425192143159e+11
4.483855948021186e-03 9.906706982535891e+11
4.514967772036102e-03 9.903951639601947e+11
4.546295469532400e-03 9.901158666221753e+11
4.577840538376616e-03 9.898327558905688e+11
4.609604486828434e-03 9.895457807720564e+11
4.641588833612777e-03 9.892548896215472e+11
4.673795107992464e-03 9.889600301347039e+11
4.706224849841282e-03 9.886611493404048e+11
4.738879609717651e-03 9.883581935931494e+11
4.771760948938746e-03 9.880511085654006e+11
4.804870439655129e-03 9.877398392398694e+11
4.838209664925958e-03 9.874243299017380e+11
4.871780218794631e-03 9.871045241308279e+11
4.905583706365045e-03 9.867803647937054e+11
4.939621743878321e-03 9.864517940357332e+11
4.973895958790063e-03 9.861187532730609e+11
5.008407989848212e-03 9.857811831845641e+11
5.043159487171359e-03 9.854390237037219e+11
5.078152112327670e-03 9.850922140104441e+11
5.113387538414326e-03 9.847406925228398e+11
5.148867450137492e-03 9.843843968889373e+11
5.184593543892913e-03 9.840232639783451e+11
5.220567527846975e-03 9.836572298738679e+11
5.256791122018419e-03 9.832862298630662e+11
5.293266058360562e-03 9.829101984297679e+11
5.329994080844088e-03 9.825290692455337e+11
5.366976945540477e-03 9.821427751610697e+11
5.404216420705915e-03 9.817512481975991e+11
5.441714286865887e-03 9.813544195381848e+11
5.479472336900287e-03 9.809522195190095e+11
5.517492376129128e-03 9.805445776206143e+11
5.555776222398878e-03 9.801314224590956e+11
5.594325706169377e-03 9.797126817772612e+11
5.633142670601352e-03 9.792882824357513e+11
5.672228971644543e-03 9.788581504041219e+11
5.711586478126435e-03 9.784222107518942e+11
5.751217071841614e-03 9.779803876395698e+11
5.791122647641758e-03 9.775326043096202e+11
5.831305113526219e-03 9.770787830774413e+11
5.871766390733255e-03 9.766188453222864e+11
5.912508413831881e-03 9.761527114781737e+11
5.953533130814370e-03 9.756803010247705e+11
5.994842503189409e-03 9.752015324782596e+11
6.036438506075864e-03 9.747163233821880e+11
6.078323128297230e-03 9.742245902983005e+11
6.120498372476703e-03 9.737262487973630e+11
6.162966255132942e-03 9.732212134499757e+11
6.205728806776500e-03 9.727093978173805e+11
6.248788072006888e-03 9.721907144422655e+11
6.292146109610344e-03 9.716650748395696e+11
6.335804992658254e-03 9.711323894872902e+11
6.379766808606282e-03 9.705925678172993e+11
6.424033659394191e-03 9.700455182061663e+11
6.468607661546328e-03 9.694911479659980e+11
6.513490946272803e-03 9.689293633352964e+11
6.558685659571436e-03 9.683600694698342e+11
6.604193962330305e-03 9.677831704335613e+11
6.650018030431118e-03 9.671985691895375e+11
6.696160054853222e-03 9.666061675908988e+11
6.742622241778342e-03 9.660058663718673e+11
6.789406812696112e-03 9.653975651387983e+11
6.836516004510238e-03 9.647811623612794e+11
6.883952069645496e-03 9.641565553632815e+11
6.931717276155407e-03 9.635236403143683e+11
6.979813907830660e-03 9.628823122209695e+11
7.028244264308352e-03 9.622324649177223e+11
7.077010661181890e-03 9.615739910588889e+11
7.126115430111745e-03 9.609067821098534e+11
7.175560918936928e-03 9.602307283387058e+11
7.225349491787214e-03 9.595457188079193e+11
7.275483529196233e-03 9.588516413661265e+11
7.325965428215230e-03 9.581483826400010e+11
7.376797602527731e-03 9.574358280262538e+11
7.427982482564918e-03 9.567138616837460e+11
7.479522515621821e-03 9.559823665257334e+11
7.531420165974375e-03 9.552412242122422e+11
7.583677914997190e-03 9.544903151425872e+11
7.636298261282242e-03 9.537295184480436e+11
7.689283720758313e-03 9.529587119846733e+11
7.742636826811269e-03 9.521777723263218e+11
7.796360130405237e-03 9.513865747577876e+11
7.850456200204510e-03 9.505849932681801e+11
7.904927622696420e-03 9.497729005444674e+11
7.959777002314986e-03 9.489501679652312e+11
8.015006961565405e-03 9.481166655946326e+11
8.070620141149508e-03 9.472722621766021e+11
8.126619200091946e-03 9.464168251292631e+11
8.183006815867389e-03 9.455502205395996e+11
8.239785684528520e-03 9.446723131583788e+11
8.296958520834907e-03 9.437829663953407e+11
8.354528058382871e-03 9.428820423146654e+11
8.412497049736118e-03 9.419694016307296e+11
8.470868266557402e-03 9.410449037041650e+11
8.529644499741026e-03 9.401084065382334e+11
8.588828559546249e-03 9.391597667755248e+11
8.648423275731726e-03 9.381988396949996e+11
8.708431497690725e-03 9.372254792093845e+11
8.768856094587427e-03 9.362395378629327e+11
8.829699955494092e-03 9.352408668295706e+11
8.890965989529159e-03 9.342293159114381e+11
8.952657125996400e-03 9.332047335378418e+11
9.014776314524917e-03 9.321669667646357e+11
9.077326525210224e-03 9.311158612740422e+11
9.140310748756233e-03 9.300512613749336e+11
9.203731996618222e-03 9.289730100035911e+11
9.267593301146883e-03 9.278809487249500e+11
9.331897715733239e-03 9.267749177343610e+11
9.396648314954691e-03 9.256547558598745e+11
9.461848194722003e-03 9.245203005650726e+11
9.527500472427290e-03 9.233713879524641e+11
9.593608287093146e-03 9.222078527674633e+11
9.660174799522647e-03 9.210295284029709e+11
9.727203192450537e-03 9.198362469045780e+11
9.794696670695395e-03 9.186278389764122e+11
9.862658461312821e-03 9.174041339876495e+11
9.931091813749801e-03 9.161649599797087e+11
1.000000000000000e-02 9.149101436741547e+11
1.006938631476028e-02 9.136395104813293e+11
1.013925407558815e-02 9.123528845097362e+11
1.020960662306047e-02 9.110500885761985e+11
1.028044732093309e-02 9.097309442168175e+11
1.035177955630176e-02 9.083952716987527e+11
1.042360673976402e-02 9.070428900328499e+11
1.049593230558228e-02 9.056736169871448e+11
1.056875971184804e-02 9.042872691012610e+11
1.064209244064724e-02 9.028836617017363e+11
1.071593399822671e-02 9.014626089183000e+11
1.079028791516184e-02 9.000239237011289e+11
1.086515774652538e-02 8.985674178391096e+11
1.094054707205742e-02 8.970929019791376e+11
1.101645949633656e-02 8.956001856464784e+11
1.109289864895223e-02 8.940890772662242e+11
1.116986818467823e-02 8.925593841858717e+11
1.124737178364752e-02 8.910109126990543e+11
1.132541315152811e-02 8.894434680704607e+11
1.140399601970032e-02 8.878568545619659e+11
1.148312414543511e-02 8.862508754600149e+11
1.156280131207376e-02 8.846253331042834e+11
1.164303132920877e-02 8.829800289176536e+11
1.172381803286598e-02 8.813147634375382e+11
1.180516528568805e-02 8.796293363485833e+11
1.188707697711903e-02 8.779235465167905e+11
1.196955702359043e-02 8.761971920250876e+11
1.205260936870843e-02 8.744500702103865e+11
1.213623798344241e-02 8.726819777021647e+11
1.222044686631488e-02 8.708927104626049e+11
1.230524004359262e-02 8.690820638283318e+11
1.239062156947916e-02 8.672498325537832e+11
1.247659552630870e-02 8.653958108562507e+11
1.256316602474121e-02 8.635197924626339e+11
1.265033720395903e-02 8.616215706579402e+11
1.273811323186478e-02 8.597009383355748e+11
1.282649830528061e-02 8.577576880494601e+11
1.291549665014884e-02 8.557916120680183e+11
1.300511252173409e-02 8.538025024300670e+11
1.309535020482667e-02 8.517901510026617e+11
1.318621401394749e-02 8.497543495409271e+11
1.327770829355430e-02 8.476948897499233e+11
1.336983741824947e-02 8.456115633485802e+11
1.346260579298910e-02 8.435041621357509e+11
1.355601785329368e-02 8.413724780584192e+11
1.365007806546014e-02 8.392163032821069e+11
1.374479092677537e-02 8.370354302635229e+11
1.384016096573132e-02 8.348296518254965e+11
1.393619274224143e-02 8.325987612342346e+11
1.403289084785873e-02 8.303425522789528e+11
1.413025990599534e-02 8.280608193539130e+11
1.422830457214353e-02 8.257533575429202e+11
1.432702953409831e-02 8.234199627063120e+11
1.442643951218158e-02 8.210604315704921e+11
1.452653925946780e-02 8.186745618200402e+11
1.462733356201130e-02 8.162621521924502e+11
1.472882723907503e-02 8.138230025755302e+11
1.483102514336104e-02 8.113569141075120e+11
1.493393216124252e-02 8.088636892799058e+11
1.503755321299738e-02 8.063431320431450e+11
1.514189325304352e-02 8.037950479150576e+11
1.524695727017574e-02 8.012192440922064e+11
1.535275028780423e-02 7.986155295641345e+11
1.545927736419478e-02 7.959837152305552e+11
1.556654359271061e-02 7.933236140215240e+11
1.567455410205595e-02 7.906350410206255e+11
1.578331405652117e-02 7.879178135912170e+11
1.589282865622978e-02 7.851717515057544e+11
1.600310313738701e-02 7.823966770782416e+11
1.611414277253019e-02 7.795924152998286e+11
1.622595287078087e-02 7.767587939775925e+11
1.633853877809861e-02 7.738956438765284e+11
1.645190587753663e-02 7.710027988647791e+11
1.656605958949914e-02 7.680800960621241e+11
1.668100537200059e-02 7.651273759917612e+11
1.679674872092653e-02 7.621444827353914e+11
1.691329517029648e-02 7.591312640916316e+11
1.703065029252844e-02 7.560875717377783e+11
1.714881969870540e-02 7.530132613949258e+11
1.726780903884356e-02 7.499081929964597e+11
1.738762400216250e-02 7.467722308599326e+11
1.750827031735724e-02 7.436052438623312e+11
1.762975375287206e-02 7.404071056187371e+11
1.775208011717635e-02 7.371776946643821e+11
1.787525525904235e-02 7.339168946400980e+11
1.799928506782476e-02 7.306245944811538e+11
1.812417547374237e-02 7.273006886094707e+11
1.824993244816153e-02 7.239450771292054e+11
1.837656200388171e-02 7.205576660256798e+11
1.850407019542302e-02 7.171383673676387e+11
1.863246311931560e-02 7.136870995128113e+11
1.876174691439120e-02 7.102037873167443e+11
1.889192776207666e-02 7.066883623448739e+11
1.902301188668945e-02 7.031407630877957e+11
1.915500555573528e-02 6.995609351796873e+11
1.928791508020778e-02 6.959488316198365e+11
1.942174681489026e-02 6.923044129972146e+11
1.955650715865949e-02 6.886276477180394e+11
1.969220255479173e-02 6.849185122362542e+11
1.982883949127071e-02 6.811769912868518e+11
1.996642450109793e-02 6.774030781219658e+11
2.010496416260498e-02 6.735967747496343e+11
2.024446509976804e-02 6.697580921751516e+11
2.038493398252463e-02 6.658870506448998e+11
2.052637752709252e-02 6.619836798925510e+11
2.066880249629082e-02 6.580480193875298e+11
2.081221569986338e-02 6.540801185856030e+11
2.095662399480433e-02 6.500800371814722e+11
2.110203428568596e-02 6.460478453632191e+11
2.124845352498883e-02 6.419836240684602e+11
2.139588871343422e-02 6.378874652420485e+11
2.154434690031883e-02 6.337594720951517e+11
2.169383518385185e-02 6.295997593655345e+11
2.184436071149427e-02 6.254084535788505e+11
2.199593068030075e-02 6.211856933107484e+11
2.214855233726359e-02 6.169316294495856e+11
2.230223297965938e-02 6.126464254595255e+11
2.245697995539774e-02 6.083302576437947e+11
2.261280066337278e-02 6.039833154078519e+11
2.276970255381680e-02 5.996058015222223e+11
2.292769312865650e-02 5.951979323847297e+11
2.308677994187169e-02 5.907599382818513e+11
2.324697059985648e-02 5.862920636489071e+11
2.340827276178293e-02 5.817945673287848e+11
2.357069413996728e-02 5.772677228288870e+11
2.373424250023868e-02 5.727118185759730e+11
2.389892566231049e-02 5.681271581685615e+11
2.406475150015424e-02 5.635140606265376e+11
2.423172794237599e-02 5.588728606376066e+11
2.439986297259550e-02 5.542039088002094e+11
2.456916462982791e-02 5.495075718625128e+11
2.473964100886813e-02 5.447842329570710e+11
2.491130026067789e-02 5.400342918307343e+11
2.508415059277540e-02 5.352581650693816e+11
2.525820026962785e-02 5.304562863170221e+11
2.543345761304650e-02 5.256291064888130e+11
2.560993100258458e-02 5.207770939775177e+11
2.578762887593801e-02 5.159007348529150e+11
2.596655972934871e-02 5.110005330536667e+11
2.614673211801092e-02 5.060770105711191e+11
2.632815465648021e-02 5.011307076245184e+11
2.651083601908538e-02 4.961621828270974e+11
2.669478494034321e-02 4.911720133424767e+11
2.688001021537606e-02 4.861607950308201e+11
2.706652070033241e-02 4.811291425841586e+11
2.725432531281029e-02 4.760776896502957e+11
2.744343303228364e-02 4.710070889446907e+11
2.763385290053170e-02 4.659180123497032e+11
2.782559402207124e-02 4.608111510005782e+11
2.801866556459195e-02 4.556872153575312e+11
2.821307675939472e-02 4.505469352632926e+11
2.840883690183302e-02 4.453910599854513e+11
2.860595535175742e-02 4.402203582429415e+11
2.880444153396296e-02 4.350356182159987e+11
2.900430493863992e-02 4.298376475389061e+11
2.920555512182747e-02 4.246272732748511e+11
2.940820170587062e-02 4.194053418722031e+11
2.961225437988034e-02 4.141727191015182e+11
2.981772290019672e-02 4.089302899725828e+11
3.002461709085549e-02 4.036789586307889e+11
3.023294684405778e-02 3.984196482321560e+11
3.044272212064303e-02 3.931533007962936e+11
3.065395295056527e-02 3.878808770366202e+11
3.086664943337273e-02 3.826033561671399e+11
3.108082173869064e-02 3.773217356851041e+11
3.129648010670752e-02 3.720370311288699e+11
3.151363484866479e-02 3.667502758102968e+11
3.173229634734976e-02 3.614625205210189e+11
3.195247505759212e-02 3.561748332119519e+11
3.217418150676372e-02 3.508882986454060e+11
3.239742629528197e-02 3.456040180191890e+11
3.262222009711670e-02 3.403231085621100e+11
3.284857366030044e-02 3.350467031003091e+11
3.307649780744241e-02 3.297759495938680e+11
3.330600343624589e-02 3.245120106431785e+11
3.353710152002930e-02 3.192560629645753e+11
3.376980310825092e-02 3.140092968347721e+11
3.400411932703706e-02 3.087729155036768e+11
3.424006137971424e-02 3.035481345751892e+11
3.447764054734464e-02 2.983361813556412e+11
3.471686818926562e-02 2.931382941695601e+11
3.495775574363275e-02 2.879557216425044e+11
3.520031472796679e-02 2.827897219507520e+11
3.544455673970433e-02 2.776415620376844e+11
3.569049345675230e-02 2.725125167967624e+11
3.593813663804628e-02 2.674038682210433e+11
3.618749812411280e-02 2.623169045192574e+11
3.643858983763545e-02 2.572529191985235e+11
3.669142378402492e-02 2.522132101138524e+11
3.694601205199302e-02 2.471990784846602e+11
3.720236681413068e-02 2.422118278785828e+11
3.746050032748993e-02 2.372527631629721e+11
3.772042493416997e-02 2.323231894245236e+11
3.798215306190734e-02 2.274244108575783e+11
3.824569722466999e-02 2.225577296217328e+11
3.851107002325571e-02 2.177244446694677e+11
3.877828414589457e-02 2.129258505446181e+11
3.904735236885560e-02 2.081632361525939e+11
3.931828755705769e-02 2.034378835033619e+11
3.959110266468459e-02 1.987510664283094e+11
3.986581073580441e-02 1.941040492722023e+11
4.014242490499322e-02 1.894980855615731e+11
4.042095839796308e-02 1.849344166509747e+11
4.070142453219436e-02 1.804142703486508e+11
4.098383671757262e-02 1.759388595232860e+11
4.126820845702954e-02 1.715093806936220e+11
4.155455334718875e-02 1.671270126028267e+11
4.184288507901582e-02 1.627929147796372e+11
4.213321743847287e-02 1.585082260884085e+11
4.242556430717777e-02 1.542740632703128e+11
4.271993966306779e-02 1.500915194780658e+11
4.301635758106795e-02 1.459616628066580e+11
4.331483223376401e-02 1.418855348226992e+11
4.361537789208003e-02 1.378641490950907e+11
4.391800892596086e-02 1.338984897298555e+11
4.422273980505900e-02 1.299895099120720e+11
4.452958509942655e-02 1.261381304579541e+11
4.483855948021188e-02 1.223452383802340e+11
4.514967772036100e-02 1.186116854701017e+11
4.546295469532399e-02 1.149382868990449e+11
4.577840538376619e-02 1.113258198440341e+11
4.609604486828434e-02 1.077750221395679e+11
4.641588833612779e-02 1.042865909601810e+11
4.673795107992461e-02 1.008611815370843e+11
4.706224849841281e-02 9.749940591266408e+10
4.738879609717653e-02 9.420183173662906e+10
4.771760948938746e-02 9.096898110762590e+10
4.804870439655132e-02 8.780132946418851e+10
4.838209664925955e-02 8.469930452890056e+10
4.871780218794631e-02 8.166328530966451e+10
4.905583706365048e-02 7.869360116197099e+10
4.939621743878321e-02 7.579053091604144e+10
4.973895958790065e-02 7.295430207269398e+10
5.008407989848210e-02 7.018509007173651e+10
5.043159487171359e-02 6.748301763663340e+10
5.078152112327673e-02 6.484815419911971e+10
5.113387538414326e-02 6.228051540734196e+10
5.148867450137495e-02 5.978006272100222e+10
5.184593543892910e-02 5.734670309685542e+10
5.220567527846975e-02 5.498028876776552e+10
5.256791122018422e-02 5.268061711836912e+10
5.293266058360561e-02 5.044743066021011e+10
5.329994080844090e-02 4.828041710901640e+10
5.366976945540476e-02 4.617920956656654e+10
5.404216420705915e-02 4.414338680936237e+10
5.441714286865890e-02 4.217247368606245e+10
5.479472336900287e-02 4.026594162536215e+10
5.517492376129126e-02 3.842320925570586e+10
5.555776222398878e-02 3.664364313790884e+10
5.594325706169378e-02 3.492655861143382e+10
5.633142670601355e-02 3.327122075471841e+10
5.672228971644543e-02 3.167684545958651e+10
5.711586478126432e-02 3.014260061939157e+10
5.751217071841613e-02 2.866760743014827e+10
5.791122647641758e-02 2.725094180349417e+10
5.831305113526222e-02 2.589163588990273e+10
5.871766390733255e-02 2.458867971013427e+10
5.912508413831878e-02 2.334102289246552e+10
5.953533130814370e-02 2.214757651278930e+10
5.994842503189409e-02 2.100721503421574e+10
6.036438506075867e-02 1.991877834234441e+10
6.078323128297230e-02 1.888107387191471e+10
6.120498372476699e-02 1.789287882007529e+10
6.162966255132942e-02 1.695294244105571e+10
6.205728806776500e-02 1.605998841656715e+10
6.248788072006891e-02 1.521271729581198e+10
6.292146109610344e-02 1.440980899854926e+10
6.335804992658250e-02 1.364992537423806e+10
6.379766808606283e-02 1.293171280988011e+10
6.424033659394190e-02 1.225380487879778e+10
6.468607661546324e-02 1.161482502222293e+10
6.513490946272803e-02 1.101338925524041e+10
6.558685659571432e-02 1.044810888832365e+10
6.604193962330306e-02 9.917593255431709e+09
6.650018030431118e-02 9.420452439401184e+09
6.696160054853219e-02 8.955299985171772e+09
6.742622241778343e-02 8.520755591232310e+09
6.789406812696110e-02 8.115447769564891e+09
6.836516004510239e-02 7.738016464306909e+09
6.883952069645496e-02 7.387115619340552e+09
6.931717276155404e-02 7.061415685063146e+09
6.979813907830661e-02 6.759606054690501e+09
7.028244264308349e-02 6.480397420599494e+09
7.077010661181890e-02 6.222524041429802e+09
7.126115430111746e-02 5.984745910936405e+09
7.175560918936924e-02 5.765850819915589e+09
7.225349491787214e-02 5.564656302919918e+09
7.275483529196229e-02 5.380011461927596e+09
7.325965428215230e-02 5.210798659643288e+09
7.376797602527735e-02 5.055935075674952e+09
7.427982482564914e-02 4.914374119456231e+09
7.479522515621821e-02 4.785106694461669e+09
7.531420165974372e-02 4.667162308991951e+09
7.583677914997190e-02 4.559610029582567e+09
7.636298261282246e-02 4.461559273910334e+09
7.689283720758310e-02 4.372160440931427e+09
7.742636826811269e-02 4.290605376877918e+09
7.796360130405233e-02 4.216127676661564e+09
7.850456200204509e-02 4.148002821176856e+09
7.904927622696424e-02 4.085548151954266e+09
7.959777002314981e-02 4.028122685581342e+09
8.015006961565405e-02 3.975126771276460e+09
8.070620141149504e-02 3.926001595959803e+09
8.126619200091946e-02 3.880228542109883e+09
8.183006815867394e-02 3.837328404613464e+09
8.239785684528515e-02 3.796860473703258e+09
8.296958520834907e-02 3.758421491922496e+09
8.354528058382867e-02 3.721644493849855e+09
8.412497049736119e-02 3.686197538053425e+09
8.470868266557406e-02 3.651782341410278e+09
8.529644499741021e-02 3.618132826520745e+09
8.588828559546249e-02 3.585013593455747e+09
8.648423275731722e-02 3.552218327495063e+09
8.708431497690725e-02 3.519568154837310e+09
8.768856094587431e-02 3.486909958483506e+09
8.829699955494087e-02 3.454114666610593e+09
8.890965989529158e-02 3.421075525755588e+09
8.952657125996397e-02 3.387706371022569e+09
9.014776314524918e-02 3.353939905302296e+09
9.077326525210229e-02 3.319725999157717e+09
9.140310748756228e-02 3.285030022579545e+09
9.203731996618221e-02 3.249831219256800e+09
9.267593301146879e-02 3.214121133342663e+09
9.331897715733239e-02 3.177902097930837e+09
9.396648314954696e-02 3.141185793600276e+09
9.461848194721997e-02 3.103991884443999e+09
9.527500472427290e-02 3.066346737981792e+09
9.593608287093142e-02 3.028282234277654e+09
9.660174799522646e-02 2.989834668453631e+09
9.727203192450543e-02 2.951043749626146e+09
9.794696670695395e-02 2.911951698103283e+09
9.862658461312820e-02 2.872602441487656e+09
9.931091813749796e-02 2.833040909145103e+09
1.000000000000000e-01 2.793312423341346e+09
1.006938631476027e-01 2.753462184232937e+09
1.013925407558815e-01 2.713534844842224e+09
1.020960662306046e-01 2.673574171164270e+09
1.028044732093310e-01 2.633622781661996e+09
1.035177955630176e-01 2.593721959618789e+09
1.042360673976401e-01 2.553911531147891e+09
1.049593230558228e-01 2.514229801117223e+09
1.056875971184804e-01 2.474713538845426e+09
1.064209244064725e-01 2.435398005168090e+09
1.071593399822671e-01 2.396317012367249e+09
1.079028791516184e-01 2.357503008503979e+09
1.086515774652538e-01 2.318987177894550e+09
1.094054707205742e-01 2.280799549820294e+09
1.101645949633657e-01 2.242969108055444e+09
1.109289864895223e-01 2.205523894426033e+09
1.116986818467823e-01 2.168491100364438e+09
1.124737178364752e-01 2.131897141284414e+09
1.132541315152811e-01 2.095767709552090e+09
1.140399601970033e-01 2.060127802850343e+09
1.148312414543511e-01 2.025001725805513e+09
1.156280131207375e-01 1.990413063842050e+09
1.164303132920877e-01 1.956384629329077e+09
1.172381803286599e-01 1.922938381155958e+09
1.180516528568806e-01 1.890095319897014e+09
1.188707697711903e-01 1.857875361672745e+09
1.196955702359043e-01 1.826297194661600e+09
1.205260936870843e-01 1.795378122940268e+09
1.213623798344241e-01 1.765133902910546e+09
1.222044686631489e-01 1.735578577989669e+09
1.230524004359262e-01 1.706724317484675e+09
1.239062156947916e-01 1.678581265629076e+09
1.247659552630870e-01 1.651157406627276e+09
1.256316602474120e-01 1.624458451227151e+09
1.265033720395904e-01 1.598487749829164e+09
1.273811323186478e-01 1.573246236451194e+09
1.282649830528060e-01 1.548732407016860e+09
1.291549665014884e-01 1.524942334442816e+09
1.300511252173409e-01 1.501869721892355e+09
1.309535020482668e-01 1.479505994369435e+09
1.318621401394748e-01 1.457840427583179e+09
1.327770829355429e-01 1.436860311755283e+09
1.336983741824947e-01 1.416551146812179e+09
1.346260579298910e-01 1.396896864240751e+09
1.355601785329369e-01 1.377880069832932e+09
1.365007806546014e-01 1.359482300640665e+09
1.374479092677537e-01 1.341684288746180e+09
1.384016096573132e-01 1.324466223957901e+09
1.393619274224142e-01 1.307808007297951e+09
1.403289084785873e-01 1.291689487176145e+09
1.413025990599534e-01 1.276090670462358e+09
1.422830457214352e-01 1.260991901280479e+09
1.432702953409831e-01 1.246374001249855e+09
1.442643951218157e-01 1.232218366080817e+09
1.452653925946781e-01 1.218507014865973e+09
1.462733356201130e-01 1.205222590064575e+09
1.472882723907502e-01 1.192348308009080e+09
1.483102514336104e-01 1.179867861717874e+09
1.493393216124252e-01 1.167765279814195e+09
1.503755321299738e-01 1.156024747360139e+09
1.514189325304352e-01 1.144630396342970e+09
1.524695727017575e-01 1.133566075322475e+09
1.535275028780423e-01 1.122815109286386e+09
1.545927736419477e-01 1.112360061991674e+09
1.556654359271062e-01 1.102182513923964e+09
1.567455410205595e-01 1.092262869424307e+09
1.578331405652118e-01 1.082580206462223e+09
1.589282865622978e-01 1.073112181940051e+09
1.600310313738700e-01 1.063835004275882e+09
1.611414277253020e-01 1.054723483329084e+09
1.622595287078087e-01 1.045751165521525e+09
1.633853877809862e-01 1.036890559308114e+09
1.645190587753662e-01 1.028113453022702e+09
1.656605958949914e-01 1.019391323650619e+09
1.668100537200059e-01 1.010695831358634e+09
1.679674872092653e-01 1.001999390765016e+09
1.691329517029649e-01 9.932758060903661e+08
1.703065029252844e-01 9.845009536379946e+08
1.714881969870539e-01 9.756534916616092e+08
1.726780903884356e-01 9.667155747399741e+08
1.738762400216251e-01 9.576735474403281e+08
1.750827031735725e-01 9.485185904519224e+08
1.762975375287206e-01 9.392472916284059e+08
1.775208011717634e-01 9.298621145905058e+08
1.787525525904236e-01 9.203717387780482e+08
1.799928506782476e-01 9.107912471383382e+08
1.812417547374238e-01 9.011421409944873e+08
1.824993244816152e-01 8.914521660096979e+08
1.837656200388171e-01 8.817549384664544e+08
1.850407019542302e-01 8.720893671855303e+08
1.863246311931560e-01 8.624988731497437e+08
1.876174691439121e-01 8.530304160654742e+08
1.889192776207666e-01 8.437333444526798e+08
1.902301188668944e-01 8.346580931378727e+08
1.915500555573528e-01 8.258547589545504e+08
1.928791508020778e-01 8.173715917455273e+08
1.942174681489026e-01 8.092534431304375e+08
1.955650715865949e-01 8.015402196851763e+08
1.969220255479172e-01 7.942653899429382e+08
1.982883949127071e-01 7.874545957750473e+08
1.996642450109793e-01 7.811244181017410e+08
2.010496416260499e-01 7.752813444384613e+08
2.024446509976804e-01 7.699209814911846e+08
2.038493398252462e-01 7.650275499384443e+08
2.052637752709252e-01 7.605736908184956e+08
2.066880249629082e-01 7.565206037930944e+08
2.081221569986339e-01 7.528185272712115e+08
2.095662399480433e-01 7.494075592954689e+08
2.110203428568594e-01 7.462188066203861e+08
2.124845352498883e-01 7.431758379794548e+08
2.139588871343422e-01 7.401964065997981e+08
2.154434690031884e-01 7.371943970288540e+08
2.169383518385184e-01 7.340819427139957e+08
2.184436071149426e-01 7.307716539056898e+08
2.199593068030075e-01 7.271788906556118e+08
2.214855233726359e-01 7.232240131880978e+08
2.230223297965939e-01 7.188345418737825e+08
2.245697995539774e-01 7.139471614573873e+08
2.261280066337277e-01 7.085095090025357e+08
2.276970255381680e-01 7.024816920175658e+08
2.292769312865649e-01 6.958374921132072e+08
2.308677994187170e-01 6.885652199186058e+08
2.324697059985648e-01 6.806681983756706e+08
2.340827276178292e-01 6.721648634230794e+08
2.357069413996728e-01 6.630884829308726e+08
2.373424250023866e-01 6.534865060258183e+08
2.389892566231050e-01 6.434195651723351e+08
2.406475150015424e-01 6.329601621343671e+08
2.423172794237598e-01 6.221910759331974e+08
2.439986297259550e-01 6.112035359526772e+08
2.456916462982790e-01 6.000952063825425e+08
2.473964100886814e-01 5.889680293318112e+08
2.491130026067788e-01 5.779259734239339e+08
2.508415059277538e-01 5.670727328594474e+08
2.525820026962785e-01 5.565094192486217e+08
2.543345761304648e-01 5.463322854778445e+08
2.560993100258460e-01 5.366305179901602e+08
2.578762887593801e-01 5.274841316018316e+08
2.596655972934870e-01 5.189619997193953e+08
2.614673211801092e-01 5.111200528017138e+08
2.632815465648020e-01 5.039996791835161e+08
2.651083601908539e-01 4.976263647869632e+08
2.669478494034321e-01 4.920086114205813e+08
2.688001021537605e-01 4.871371767120895e+08
2.706652070033241e-01 4.829846814711604e+08
2.725432531281028e-01 4.795056315250586e+08
2.744343303228365e-01 4.766368998493111e+08
2.763385290053170e-01 4.742987101905369e+08
2.782559402207126e-01 4.723961545424313e+08
2.801866556459195e-01 4.708212632169369e+08
2.821307675939471e-01 4.694556276147151e+08
2.840883690183304e-01 4.681735523284646e+08
2.860595535175742e-01 4.668456855797151e+08
2.880444153396298e-01 4.653430463770316e+08
2.900430493863992e-01 4.635413348719354e+08
2.920555512182745e-01 4.613253812964851e+08
2.940820170587063e-01 4.585935610390043e+08
2.961225437988034e-01 4.552619814683839e+08
2.981772290019674e-01 4.512682326437649e+08
3.002461709085549e-01 4.465744913867784e+08
3.023294684405776e-01 4.411697782033760e+08
3.044272212064303e-01 4.350711903629345e+08
3.065395295056527e-01 4.283239723009644e+08
3.086664943337274e-01 4.210003355742962e+08
3.108082173869064e-01 4.131970028928761e+08
3.129648010670750e-01 4.050315211855866e+08
3.151363484866480e-01 3.966374631249651e+08
3.173229634734976e-01 3.881587101404563e+08
3.195247505759213e-01 3.797430773165485e+08
3.217418150676372e-01 3.715355962408384e+08
3.239742629528196e-01 3.636718107413898e+08
3.262222009711670e-01 3.562714582683836e+08
3.284857366030043e-01 3.494329034446574e+08
3.307649780744242e-01 3.432286587032902e+08
3.330600343624588e-01 3.377022705450256e+08
3.353710152002929e-01 3.328667714311401e+08
3.376980310825091e-01 3.287048013243216e+08
3.400411932703706e-01 3.251703958054232e+08
3.424006137971425e-01 3.221923272671442e+08
3.447764054734464e-01 3.196787804063056e+08
3.471686818926559e-01 3.175230516405085e+08
3.495775574363275e-01 3.156098919808571e+08
3.520031472796679e-01 3.138220706457219e+08
3.544455673970436e-01 3.120467265061093e+08
3.569049345675230e-01 3.101810978673092e+08
3.593813663804626e-01 3.081372767387347e+08
3.618749812411280e-01 3.058457173053809e+08
3.643858983763544e-01 3.032573328069902e+08
3.669142378402494e-01 3.003441313696889e+08
3.694601205199303e-01 2.970984591364436e+08
3.720236681413066e-01 2.935310276019704e+08
3.746050032748993e-01 2.896679914018778e+08
3.772042493416998e-01 2.855474047170841e+08
3.798215306190736e-01 2.812154133507966e+08
3.824569722466999e-01 2.767225331039274e+08
3.851107002325569e-01 2.721203245804211e+08
3.877828414589458e-01 2.674587047728989e+08
3.904735236885560e-01 2.627840445525911e+08
3.931828755705770e-01 2.581380986327257e+08
3.959110266468459e-01 2.535577120284895e+08
3.986581073580439e-01 2.490751558469151e+08
4.014242490499322e-01 2.447188755328864e+08
4.042095839796306e-01 2.405143942605110e+08
4.070142453219439e-01 2.364851075662792e+08
4.098383671757261e-01 2.326527333967325e+08
4.126820845702952e-01 2.290372414317695e+08
4.155455334718876e-01 2.256561701894717e+08
4.184288507901580e-01 2.225233404322604e+08
4.213321743847289e-01 2.196470772378847e+08
4.242556430717777e-01 2.170281484656438e+08
4.271993966306777e-01 2.146577024349428e+08
4.301635758106795e-01 2.125155323703659e+08
4.331483223376398e-01 2.105690022969724e+08
4.361537789208006e-01 2.087729349778554e+08
4.391800892596086e-01 2.070706877242256e+08
4.422273980505897e-01 2.053965313616258e+08
4.452958509942656e-01 2.036793103255456e+08
4.483855948021186e-01 2.018472103798933e+08
4.514967772036102e-01 1.998333100602247e+08
4.546295469532399e-01 1.975814593373106e+08
4.577840538376616e-01 1.950519308226378e+08
4.609604486828434e-01 1.922262400136317e+08
4.641588833612778e-01 1.891105430292089e+08
4.673795107992463e-01 1.857370992551611e+08
4.706224849841282e-01 1.821634319153983e+08
4.738879609717651e-01 1.784690238268060e+08
4.771760948938746e-01 1.747496326410865e+08
4.804870439655129e-01 1.711095766588940e+08
4.838209664925957e-01 1.676526001803508e+08
4.871780218794631e-01 1.644721447975574e+08
4.905583706365045e-01 1.616419991572240e+08
4.939621743878321e-01 1.592083483836046e+08
4.973895958790063e-01 1.571841782912766e+08
5.008407989848213e-01 1.555468039384351e+08
5.043159487171359e-01 1.542389970419512e+08
5.078152112327676e-01 1.531738078654676e+08
5.113387538414326e-01 1.522427539687554e+08
5.148867450137492e-01 1.513266304835840e+08
5.184593543892912e-01 1.503078386645766e+08
5.220567527846975e-01 1.490828830058779e+08
5.256791122018425e-01 1.475735935989385e+08
5.293266058360562e-01 1.457357137819093e+08
5.329994080844088e-01 1.435637552613261e+08
5.366976945540476e-01 1.410914408263640e+08
5.404216420705915e-01 1.383875820368972e+08
5.441714286865893e-01 1.355478106571228e+08
5.479472336900287e-01 1.326831223421528e+08
5.517492376129123e-01 1.299066232025183e+08
5.555776222398878e-01 1.273201295059608e+08
5.594325706169377e-01 1.250023145817224e+08
5.633142670601358e-01 1.229999109730936e+08
5.672228971644544e-01 1.213230791618283e+08
5.711586478126429e-01 1.199454977977494e+08
5.751217071841613e-01 1.188090909086878e+08
5.791122647641759e-01 1.178326764169971e+08
5.831305113526225e-01 1.169232898880421e+08
5.871766390733255e-01 1.159885867762765e+08
5.912508413831875e-01 1.149486081865995e+08
5.953533130814370e-01 1.137453267190360e+08
5.994842503189409e-01 1.123487490726970e+08
6.036438506075870e-01 1.107588839218697e+08
6.078323128297229e-01 1.090035037674509e+08
6.120498372476697e-01 1.071322416337310e+08
6.162966255132942e-01 1.052080739450232e+08
6.205728806776500e-01 1.032975738053018e+08
6.248788072006894e-01 1.014614280657984e+08
6.292146109610344e-01 9.974658735631117e+07
6.335804992658248e-01 9.818108824091144e+07
6.379766808606282e-01 9.677211037021454e+07
6.424033659394190e-01 9.550729033226670e+07
6.468607661546327e-01 9.435879783814782e+07
6.513490946272803e-01 9.328927305905652e+07
6.558685659571428e-01 9.225849104519534e+07
6.604193962330305e-01 9.122959450986536e+07
6.650018030431118e-01 9.017391723494002e+07
6.696160054853222e-01 8.907376666101734e+07
6.742622241778342e-01 8.792297392567223e+07
6.789406812696106e-01 8.672546188526982e+07
6.836516004510238e-01 8.549243492785858e+07
6.883952069645496e-01 8.423898665602729e+07
6.931717276155407e-01 8.298091819566295e+07
6.979813907830660e-01 8.173237390815108e+07
7.028244264308345e-01 8.050459140595841e+07
7.077010661181889e-01 7.930571879626594e+07
7.126115430111746e-01 7.814136994669977e+07
7.175560918936928e-01 7.701544226477820e+07
7.225349491787214e-01 7.593074084056376e+07
7.275483529196225e-01 7.488911528978263e+07
7.325965428215230e-01 7.389105576427613e+07
7.376797602527730e-01 7.293492804007229e+07
7.427982482564919e-01 7.201618104644096e+07
7.479522515621821e-01 7.112689526302594e+07
7.531420165974368e-01 7.025596202787521e+07
7.583677914997191e-01 6.939003057553750e+07
7.636298261282242e-01 6.851518187158823e+07
7.689283720758313e-01 6.761912560056585e+07
7.742636826811270e-01 6.669358683428701e+07
7.796360130405229e-01 6.573645390301404e+07
7.850456200204510e-01 6.475320275794160e+07
7.904927622696420e-01 6.375711829231935e+07
7.959777002314986e-01 6.276794199237444e+07
8.015006961565405e-01 6.180882846190482e+07
8.070620141149499e-01 6.090189296175535e+07
8.126619200091946e-01 6.006310994718380e+07
8.183006815867390e-01 5.929773606472988e+07
8.239785684528520e-01 5.859760013554689e+07
8.296958520834906e-01 5.794138093960933e+07
8.354528058382863e-01 5.729834605921133e+07
8.412497049736118e-01 5.663507456914312e+07
8.470868266557402e-01 5.592370058150318e+07
8.529644499741025e-01 5.514952780378137e+07
8.588828559546250e-01 5.431576024472311e+07
8.648423275731718e-01 5.344368967637912e+07
8.708431497690724e-01 5.256786883137050e+07
8.768856094587426e-01 5.172726203572093e+07
8.829699955494091e-01 5.095466224005381e+07
8.890965989529158e-01 5.026736876492497e+07
8.952657125996401e-01 4.966195744152167e+07
9.014776314524917e-01 4.911491725926054e+07
9.077326525210223e-01 4.858922896690870e+07
9.140310748756232e-01 4.804510700431797e+07
9.203731996618221e-01 4.745170777505785e+07
9.267593301146884e-01 4.679613996412955e+07
9.331897715733238e-01 4.608684610179784e+07
9.396648314954691e-01 4.535021034164502e+07
9.461848194722002e-01 4.462153076037844e+07
9.527500472427290e-01 4.393346834492324e+07
9.593608287093147e-01 4.330597926351755e+07
9.660174799522646e-01 4.274114506314445e+07
9.727203192450538e-01 4.222441144764568e+07
9.794696670695395e-01 4.173127187084257e+07
9.862658461312821e-01 4.123641581796941e+07
9.931091813749801e-01 4.072166821265680e+07
1.000000000000000e+00 4.017995793866208e+07
