<X> <Y>
1.000000000000000e-03 7.184527131195683e+10
1.006938631476027e-03 7.184495114603374e+10
1.013925407558815e-03 7.184462652289102e+10
1.020960662306047e-03 7.184429738054323e+10
1.028044732093310e-03 7.184396365610159e+10
1.035177955630176e-03 7.184362528573895e+10
1.042360673976401e-03 7.184328220482394e+10
1.049593230558228e-03 7.184293434782948e+10
1.056875971184804e-03 7.184258164821982e+10
1.064209244064725e-03 7.184222403863924e+10
1.071593399822671e-03 7.184186145080728e+10
1.079028791516184e-03 7.184149381533965e+10
1.086515774652538e-03 7.184112106206229e+10
1.094054707205742e-03 7.184074311977501e+10
1.101645949633657e-03 7.184035991619264e+10
1.109289864895223e-03 7.183997137810333e+10
1.116986818467823e-03 7.183957743134920e+10
1.124737178364752e-03 7.183917800060608e+10
1.132541315152812e-03 7.183877300954288e+10
1.140399601970033e-03 7.183836238086040e+10
1.148312414543511e-03 7.183794603598840e+10
1.156280131207375e-03 7.183752389555635e+10
1.164303132920877e-03 7.183709587875081e+10
1.172381803286599e-03 7.183666190387051e+10
1.180516528568806e-03 7.183622188801338e+10
1.188707697711903e-03 7.183577574711276e+10
1.196955702359043e-03 7.183532339596330e+10
1.205260936870843e-03 7.183486474810867e+10
1.213623798344241e-03 7.183439971596063e+10
1.222044686631489e-03 7.183392821069206e+10
1.230524004359262e-03 7.183345014222516e+10
1.239062156947916e-03 7.183296541924422e+10
1.247659552630870e-03 7.183247394916412e+10
1.256316602474120e-03 7.183197563812129e+10
1.265033720395904e-03 7.183147039089827e+10
1.273811323186479e-03 7.183095811101253e+10
1.282649830528060e-03 7.183043870062813e+10
1.291549665014884e-03 7.182991206051514e+10
1.300511252173409e-03 7.182937809010707e+10
1.309535020482668e-03 7.182883668741742e+10
1.318621401394748e-03 7.182828774907533e+10
1.327770829355429e-03 7.182773117017213e+10
1.336983741824947e-03 7.182716684448209e+10
1.346260579298910e-03 7.182659466418549e+10
1.355601785329369e-03 7.182601452004890e+10
1.365007806546014e-03 7.182542630125845e+10
1.374479092677537e-03 7.182482989551311e+10
1.384016096573132e-03 7.182422518890701e+10
1.393619274224142e-03 7.182361206593974e+10
1.403289084785873e-03 7.182299040960341e+10
1.413025990599534e-03 7.182236010114238e+10
1.422830457214352e-03 7.182172102022668e+10
1.432702953409831e-03 7.182107304479669e+10
1.442643951218157e-03 7.182041605119572e+10
1.452653925946781e-03 7.181974991391599e+10
1.462733356201130e-03 7.181907450584953e+10
1.472882723907502e-03 7.181838969798270e+10
1.483102514336104e-03 7.181769535962036e+10
1.493393216124252e-03 7.181699135817134e+10
1.503755321299738e-03 7.181627755926787e+10
1.514189325304352e-03 7.181555382661485e+10
1.524695727017575e-03 7.181482002207364e+10
1.535275028780423e-03 7.181407600558916e+10
1.545927736419477e-03 7.181332163511707e+10
1.556654359271062e-03 7.181255676664085e+10
1.567455410205595e-03 7.181178125420277e+10
1.578331405652118e-03 7.181099494973468e+10
1.589282865622978e-03 7.181019770324503e+10
1.600310313738700e-03 7.180938936248650e+10
1.611414277253020e-03 7.180856977321060e+10
1.622595287078087e-03 7.180773877901625e+10
1.633853877809862e-03 7.180689622132326e+10
1.645190587753663e-03 7.180604193928653e+10
1.656605958949913e-03 7.180517576992607e+10
1.668100537200059e-03 7.180429754796930e+10
1.679674872092653e-03 7.180340710581981e+10
1.691329517029649e-03 7.180250427354535e+10
1.703065029252844e-03 7.180158887888538e+10
1.714881969870539e-03 7.180066074719354e+10
1.726780903884356e-03 7.179971970140662e+10
1.738762400216250e-03 7.179876556197575e+10
1.750827031735725e-03 7.179779814683900e+10
1.762975375287206e-03 7.179681727146310e+10
1.775208011717634e-03 7.179582274873009e+10
1.787525525904235e-03 7.179481438892567e+10
1.799928506782477e-03 7.179379199967509e+10
1.812417547374238e-03 7.179275538600529e+10
1.824993244816152e-03 7.179170435013759e+10
1.837656200388170e-03 7.179063869163582e+10
1.850407019542302e-03 7.178955820726781e+10
1.863246311931560e-03 7.178846269093495e+10
1.876174691439121e-03 7.178735193372191e+10
1.889192776207666e-03 7.178622572378926e+10
1.902301188668944e-03 7.178508384640207e+10
1.915500555573528e-03 7.178392608379221e+10
1.928791508020778e-03 7.178275221520090e+10
1.942174681489027e-03 7.178156201682048e+10
1.955650715865949e-03 7.178035526170407e+10
1.969220255479171e-03 7.177913171979842e+10
1.982883949127072e-03 7.177789115780539e+10
1.996642450109793e-03 7.177663333926344e+10
2.010496416260499e-03 7.177535802435432e+10
2.024446509976804e-03 7.177406497000272e+10
2.038493398252464e-03 7.177275392974303e+10
2.052637752709252e-03 7.177142465366025e+10
2.066880249629082e-03 7.177007688839749e+10
2.081221569986339e-03 7.176871037711002e+10
2.095662399480433e-03 7.176732485937579e+10
2.110203428568597e-03 7.176592007112758e+10
2.124845352498883e-03 7.176449574471080e+10
2.139588871343421e-03 7.176305160871538e+10
2.154434690031884e-03 7.176158738794261e+10
2.169383518385184e-03 7.176010280345880e+10
2.184436071149428e-03 7.175859757239893e+10
2.199593068030075e-03 7.175707140801596e+10
2.214855233726359e-03 7.175552401958562e+10
2.230223297965939e-03 7.175395511233636e+10
2.245697995539774e-03 7.175236438742085e+10
2.261280066337279e-03 7.175075154189001e+10
2.276970255381680e-03 7.174911626854483e+10
2.292769312865649e-03 7.174745825596593e+10
2.308677994187170e-03 7.174577718841043e+10
2.324697059985648e-03 7.174407274578343e+10
2.340827276178294e-03 7.174234460352245e+10
2.357069413996728e-03 7.174059243259956e+10
2.373424250023866e-03 7.173881589944461e+10
2.389892566231050e-03 7.173701466583873e+10
2.406475150015424e-03 7.173518838888914e+10
2.423172794237601e-03 7.173333672097249e+10
2.439986297259550e-03 7.173145930966029e+10
2.456916462982790e-03 7.172955579761729e+10
2.473964100886814e-03 7.172762582260605e+10
2.491130026067788e-03 7.172566901735339e+10
2.508415059277541e-03 7.172368500949487e+10
2.525820026962785e-03 7.172167342154037e+10
2.543345761304648e-03 7.171963387078453e+10
2.560993100258459e-03 7.171756596919588e+10
2.578762887593801e-03 7.171546932341917e+10
2.596655972934872e-03 7.171334353463676e+10
2.614673211801092e-03 7.171118819851288e+10
2.632815465648020e-03 7.170900290514520e+10
2.651083601908539e-03 7.170678723894341e+10
2.669478494034321e-03 7.170454077860799e+10
2.688001021537607e-03 7.170226309697356e+10
2.706652070033241e-03 7.169995376101007e+10
2.725432531281028e-03 7.169761233168872e+10
2.744343303228365e-03 7.169523836392284e+10
2.763385290053170e-03 7.169283140646529e+10
2.782559402207126e-03 7.169039100185806e+10
2.801866556459195e-03 7.168791668631686e+10
2.821307675939471e-03 7.168540798965904e+10
2.840883690183304e-03 7.168286443519528e+10
2.860595535175742e-03 7.168028553967648e+10
2.880444153396298e-03 7.167767081317297e+10
2.900430493863992e-03 7.167501975900330e+10
2.920555512182745e-03 7.167233187362158e+10
2.940820170587064e-03 7.166960664655220e+10
2.961225437988034e-03 7.166684356025870e+10
2.981772290019673e-03 7.166404209008226e+10
3.002461709085549e-03 7.166120170411812e+10
3.023294684405777e-03 7.165832186313800e+10
3.044272212064303e-03 7.165540202047159e+10
3.065395295056527e-03 7.165244162191165e+10
3.086664943337274e-03 7.164944010562790e+10
3.108082173869064e-03 7.164639690203174e+10
3.129648010670750e-03 7.164331143368764e+10
3.151363484866479e-03 7.164018311521571e+10
3.173229634734976e-03 7.163701135316275e+10
3.195247505759214e-03 7.163379554591586e+10
3.217418150676372e-03 7.163053508356294e+10
3.239742629528196e-03 7.162722934780467e+10
3.262222009711670e-03 7.162387771182678e+10
3.284857366030043e-03 7.162047954018930e+10
3.307649780744242e-03 7.161703418870403e+10
3.330600343624588e-03 7.161354100433641e+10
3.353710152002929e-03 7.160999932503770e+10
3.376980310825091e-03 7.160640847968768e+10
3.400411932703706e-03 7.160276778790932e+10
3.424006137971426e-03 7.159907655999762e+10
3.447764054734464e-03 7.159533409673608e+10
3.471686818926559e-03 7.159153968932877e+10
3.495775574363275e-03 7.158769261921927e+10
3.520031472796679e-03 7.158379215798216e+10
3.544455673970436e-03 7.157983756719820e+10
3.569049345675230e-03 7.157582809829851e+10
3.593813663804626e-03 7.157176299242937e+10
3.618749812411280e-03 7.156764148032774e+10
3.643858983763544e-03 7.156346278217644e+10
3.669142378402494e-03 7.155922610744633e+10
3.694601205199302e-03 7.155493065476422e+10
3.720236681413066e-03 7.155057561177957e+10
3.746050032748993e-03 7.154616015498535e+10
3.772042493416998e-03 7.154168344958012e+10
3.798215306190736e-03 7.153714464933717e+10
3.824569722466999e-03 7.153254289641943e+10
3.851107002325569e-03 7.152787732124240e+10
3.877828414589457e-03 7.152314704229776e+10
3.904735236885560e-03 7.151835116602203e+10
3.931828755705771e-03 7.151348878660487e+10
3.959110266468458e-03 7.150855898584178e+10
3.986581073580439e-03 7.150356083295816e+10
4.014242490499322e-03 7.149849338444583e+10
4.042095839796306e-03 7.149335568389351e+10
4.070142453219439e-03 7.148814676181143e+10
4.098383671757262e-03 7.148286563544319e+10
4.126820845702952e-03 7.147751130861748e+10
4.155455334718876e-03 7.147208277154160e+10
4.184288507901581e-03 7.146657900062587e+10
4.213321743847289e-03 7.146099895830695e+10
4.242556430717777e-03 7.145534159285124e+10
4.271993966306777e-03 7.144960583817004e+10
4.301635758106795e-03 7.144379061363248e+10
4.331483223376399e-03 7.143789482385539e+10
4.361537789208006e-03 7.143191735852988e+10
4.391800892596086e-03 7.142585709219885e+10
4.422273980505897e-03 7.141971288407002e+10
4.452958509942656e-03 7.141348357780756e+10
4.483855948021186e-03 7.140716800132190e+10
4.514967772036102e-03 7.140076496657027e+10
4.546295469532400e-03 7.139427326933087e+10
4.577840538376616e-03 7.138769168899857e+10
4.609604486828434e-03 7.138101898835818e+10
4.641588833612777e-03 7.137425391337181e+10
4.673795107992464e-03 7.136739519295958e+10
4.706224849841282e-03 7.136044153875992e+10
4.738879609717651e-03 7.135339164491458e+10
4.771760948938746e-03 7.134624418782359e+10
4.804870439655129e-03 7.133899782592403e+10
4.838209664925958e-03 7.133165119944989e+10
4.871780218794631e-03 7.132420293018121e+10
4.905583706365045e-03 7.131665162121475e+10
4.939621743878321e-03 7.130899585671191e+10
4.973895958790063e-03 7.130123420164278e+10
5.008407989848212e-03 7.129336520154747e+10
5.043159487171359e-03 7.128538738227220e+10
5.078152112327670e-03 7.127729924970685e+10
5.113387538414326e-03 7.126909928953554e+10
5.148867450137492e-03 7.126078596695950e+10
5.184593543892913e-03 7.125235772643735e+10
5.220567527846975e-03 7.124381299140614e+10
5.256791122018419e-03 7.123515016401218e+10
5.293266058360562e-03 7.122636762483347e+10
5.329994080844088e-03 7.121746373259271e+10
5.366976945540477e-03 7.120843682388126e+10
5.404216420705915e-03 7.119928521286055e+10
5.441714286865887e-03 7.119000719097391e+10
5.479472336900287e-03 7.118060102666003e+10
5.517492376129128e-03 7.117106496504129e+10
5.555776222398878e-03 7.116139722762798e+10
5.594325706169377e-03 7.115159601201559e+10
5.633142670601352e-03 7.114165949156339e+10
5.672228971644543e-03 7.113158581509790e+10
5.711586478126435e-03 7.112137310658192e+10
5.751217071841614e-03 7.111101946480206e+10
5.791122647641758e-03 7.110052296303854e+10
5.831305113526219e-03 7.108988164874420e+10
5.871766390733255e-03 7.107909354320547e+10
5.912508413831881e-03 7.106815664121162e+10
5.953533130814370e-03 7.105706891071169e+10
5.994842503189409e-03 7.104582829247464e+10
6.036438506075864e-03 7.103443269973546e+10
6.078323128297230e-03 7.102288001785139e+10
6.120498372476703e-03 7.101116810394170e+10
6.162966255132942e-03 7.099929478652867e+10
6.205728806776500e-03 7.098725786517168e+10
6.248788072006888e-03 7.097505511010663e+10
6.292146109610344e-03 7.096268426186546e+10
6.335804992658254e-03 7.095014303090810e+10
6.379766808606282e-03 7.093742909723129e+10
6.424033659394191e-03 7.092454010999803e+10
6.468607661546328e-03 7.091147368713538e+10
6.513490946272803e-03 7.089822741495244e+10
6.558685659571436e-03 7.088479884773380e+10
6.604193962330305e-03 7.087118550734204e+10
6.650018030431118e-03 7.085738488281541e+10
6.696160054853222e-03 7.084339442994690e+10
6.742622241778342e-03 7.082921157088261e+10
6.789406812696112e-03 7.081483369368756e+10
6.836516004510238e-03 7.080025815193752e+10
6.883952069645496e-03 7.078548226427365e+10
6.931717276155407e-03 7.077050331398634e+10
6.979813907830660e-03 7.075531854856288e+10
7.028244264308352e-03 7.073992517925694e+10
7.077010661181890e-03 7.072432038063226e+10
7.126115430111745e-03 7.070850129012059e+10
7.175560918936928e-03 7.069246500755731e+10
7.225349491787214e-03 7.067620859472697e+10
7.275483529196233e-03 7.065972907489024e+10
7.325965428215230e-03 7.064302343232428e+10
7.376797602527731e-03 7.062608861184016e+10
7.427982482564918e-03 7.060892151830388e+10
7.479522515621821e-03 7.059151901615552e+10
7.531420165974375e-03 7.057387792891782e+10
7.583677914997190e-03 7.055599503870215e+10
7.636298261282242e-03 7.053786708571048e+10
7.689283720758313e-03 7.051949076773044e+10
7.742636826811269e-03 7.050086273963077e+10
7.796360130405237e-03 7.048197961284198e+10
7.850456200204510e-03 7.046283795484579e+10
7.904927622696420e-03 7.044343428864505e+10
7.959777002314986e-03 7.042376509224062e+10
8.015006961565405e-03 7.040382679809796e+10
8.070620141149508e-03 7.038361579261000e+10
8.126619200091946e-03 7.036312841555093e+10
8.183006815867389e-03 7.034236095953674e+10
8.239785684528520e-03 7.032130966946669e+10
8.296958520834907e-03 7.029997074197021e+10
8.354528058382871e-03 7.027834032484267e+10
8.412497049736118e-03 7.025641451648311e+10
8.470868266557402e-03 7.023418936531731e+10
8.529644499741026e-03 7.021166086922763e+10
8.588828559546249e-03 7.018882497496902e+10
8.648423275731726e-03 7.016567757758531e+10
8.708431497690725e-03 7.014221451981740e+10
8.768856094587427e-03 7.011843159151007e+10
8.829699955494092e-03 7.009432452901144e+10
8.890965989529159e-03 7.006988901456963e+10
8.952657125996400e-03 7.004512067572444e+10
9.014776314524917e-03 7.002001508469350e+10
9.077326525210224e-03 6.999456775775298e+10
9.140310748756233e-03 6.996877415462109e+10
9.203731996618222e-03 6.994262967782402e+10
9.267593301146883e-03 6.991612967207056e+10
9.331897715733239e-03 6.988926942361415e+10
9.396648314954691e-03 6.986204415961528e+10
9.461848194722003e-03 6.983444904749553e+10
9.527500472427290e-03 6.980647919429225e+10
9.593608287093146e-03 6.977812964600418e+10
9.660174799522647e-03 6.974939538693823e+10
9.727203192450537e-03 6.972027133904895e+10
9.794696670695395e-03 6.969075236127287e+10
9.862658461312821e-03 6.966083324886469e+10
9.931091813749801e-03 6.963050873272423e+10
1.000000000000000e-02 6.959977347872276e+10
1.006938631476028e-02 6.956862208702525e+10
1.013925407558815e-02 6.953704909140884e+10
1.020960662306047e-02 6.950504895857837e+10
1.028044732093309e-02 6.947261608748073e+10
1.035177955630176e-02 6.943974480861189e+10
1.042360673976402e-02 6.940642938332588e+10
1.049593230558228e-02 6.937266400313791e+10
1.056875971184804e-02 6.933844278902565e+10
1.064209244064724e-02 6.930375979072966e+10
1.071593399822671e-02 6.926860898604999e+10
1.079028791516184e-02 6.923298428013966e+10
1.086515774652538e-02 6.919687950479933e+10
1.094054707205742e-02 6.916028841776910e+10
1.101645949633656e-02 6.912320470201671e+10
1.109289864895223e-02 6.908562196502556e+10
1.116986818467823e-02 6.904753373808536e+10
1.124737178364752e-02 6.900893347557399e+10
1.132541315152811e-02 6.896981455424741e+10
1.140399601970032e-02 6.893017027252254e+10
1.148312414543511e-02 6.888999384976193e+10
1.156280131207376e-02 6.884927842556129e+10
1.164303132920877e-02 6.880801705903215e+10
1.172381803286598e-02 6.876620272808871e+10
1.180516528568805e-02 6.872382832873466e+10
1.188707697711903e-02 6.868088667435118e+10
1.196955702359043e-02 6.863737049498589e+10
1.205260936870843e-02 6.859327243664268e+10
1.213623798344241e-02 6.854858506057578e+10
1.222044686631488e-02 6.850330084258548e+10
1.230524004359262e-02 6.845741217231452e+10
1.239062156947916e-02 6.841091135254978e+10
1.247659552630870e-02 6.836379059852713e+10
1.256316602474121e-02 6.831604203723917e+10
1.265033720395903e-02 6.826765770674727e+10
1.273811323186478e-02 6.821862955549927e+10
1.282649830528061e-02 6.816894944165157e+10
1.291549665014884e-02 6.811860913239556e+10
1.300511252173409e-02 6.806760030329192e+10
1.309535020482667e-02 6.801591453761002e+10
1.318621401394749e-02 6.796354332567402e+10
1.327770829355430e-02 6.791047806421806e+10
1.336983741824947e-02 6.785671005574662e+10
1.346260579298910e-02 6.780223050790495e+10
1.355601785329368e-02 6.774703053285871e+10
1.365007806546014e-02 6.769110114668183e+10
1.374479092677537e-02 6.763443326875555e+10
1.384016096573132e-02 6.757701772117652e+10
1.393619274224143e-02 6.751884522817949e+10
1.403289084785873e-02 6.745990641556728e+10
1.413025990599534e-02 6.740019181015670e+10
1.422830457214353e-02 6.733969183923748e+10
1.432702953409831e-02 6.727839683004272e+10
1.442643951218158e-02 6.721629700923657e+10
1.452653925946780e-02 6.715338250241676e+10
1.462733356201130e-02 6.708964333363203e+10
1.472882723907503e-02 6.702506942491700e+10
1.483102514336104e-02 6.695965059584554e+10
1.493393216124252e-02 6.689337656310234e+10
1.503755321299738e-02 6.682623694007256e+10
1.514189325304352e-02 6.675822123645442e+10
1.524695727017574e-02 6.668931885788987e+10
1.535275028780423e-02 6.661951910561924e+10
1.545927736419478e-02 6.654881117615912e+10
1.556654359271061e-02 6.647718416100230e+10
1.567455410205595e-02 6.640462704634560e+10
1.578331405652117e-02 6.633112871284091e+10
1.589282865622978e-02 6.625667793537481e+10
1.600310313738701e-02 6.618126338287633e+10
1.611414277253019e-02 6.610487361815411e+10
1.622595287078087e-02 6.602749709776243e+10
1.633853877809861e-02 6.594912217190195e+10
1.645190587753663e-02 6.586973708434914e+10
1.656605958949914e-02 6.578932997242430e+10
1.668100537200059e-02 6.570788886699069e+10
1.679674872092653e-02 6.562540169249403e+10
1.691329517029648e-02 6.554185626703685e+10
1.703065029252844e-02 6.545724030249323e+10
1.714881969870540e-02 6.537154140466634e+10
1.726780903884356e-02 6.528474707348435e+10
1.738762400216250e-02 6.519684470324331e+10
1.750827031735724e-02 6.510782158289289e+10
1.762975375287206e-02 6.501766489637101e+10
1.775208011717635e-02 6.492636172298416e+10
1.787525525904235e-02 6.483389903784001e+10
1.799928506782476e-02 6.474026371233023e+10
1.812417547374237e-02 6.464544251466669e+10
1.824993244816153e-02 6.454942211047408e+10
1.837656200388171e-02 6.445218906343626e+10
1.850407019542302e-02 6.435372983600467e+10
1.863246311931560e-02 6.425403079016550e+10
1.876174691439120e-02 6.415307818826838e+10
1.889192776207666e-02 6.405085819392157e+10
1.902301188668945e-02 6.394735687295155e+10
1.915500555573528e-02 6.384256019443217e+10
1.928791508020778e-02 6.373645403178339e+10
1.942174681489026e-02 6.362902416394270e+10
1.955650715865949e-02 6.352025627661213e+10
1.969220255479173e-02 6.341013596358054e+10
1.982883949127071e-02 6.329864872812682e+10
1.996642450109793e-02 6.318577998450307e+10
2.010496416260498e-02 6.307151505950249e+10
2.024446509976804e-02 6.295583919411283e+10
2.038493398252463e-02 6.283873754525965e+10
2.052637752709252e-02 6.272019518763882e+10
2.066880249629082e-02 6.260019711564436e+10
2.081221569986338e-02 6.247872824539185e+10
2.095662399480433e-02 6.235577341684023e+10
2.110203428568596e-02 6.223131739601631e+10
2.124845352498883e-02 6.210534487734264e+10
2.139588871343422e-02 6.197784048607240e+10
2.154434690031883e-02 6.184878878083415e+10
2.169383518385185e-02 6.171817425629086e+10
2.184436071149427e-02 6.158598134591164e+10
2.199593068030075e-02 6.145219442486464e+10
2.214855233726359e-02 6.131679781303062e+10
2.230223297965938e-02 6.117977577814062e+10
2.245697995539774e-02 6.104111253904264e+10
2.261280066337278e-02 6.090079226909847e+10
2.276970255381680e-02 6.075879909971423e+10
2.292769312865650e-02 6.061511712400948e+10
2.308677994187169e-02 6.046973040062608e+10
2.324697059985648e-02 6.032262295768117e+10
2.340827276178293e-02 6.017377879686758e+10
2.357069413996728e-02 6.002318189770532e+10
2.373424250023868e-02 5.987081622194647e+10
2.389892566231049e-02 5.971666571813876e+10
2.406475150015424e-02 5.956071432634992e+10
2.423172794237599e-02 5.940294598305645e+10
2.439986297259550e-02 5.924334462620164e+10
2.456916462982791e-02 5.908189420042496e+10
2.473964100886813e-02 5.891857866246761e+10
2.491130026067789e-02 5.875338198675716e+10
2.508415059277540e-02 5.858628817117559e+10
2.525820026962785e-02 5.841728124301429e+10
2.543345761304650e-02 5.824634526511945e+10
2.560993100258458e-02 5.807346434223211e+10
2.578762887593801e-02 5.789862262752655e+10
2.596655972934871e-02 5.772180432935079e+10
2.614673211801092e-02 5.754299371817322e+10
2.632815465648021e-02 5.736217513373836e+10
2.651083601908538e-02 5.717933299243759e+10
2.669478494034321e-02 5.699445179489637e+10
2.688001021537606e-02 5.680751613378311e+10
2.706652070033241e-02 5.661851070184357e+10
2.725432531281029e-02 5.642742030016439e+10
2.744343303228364e-02 5.623422984666917e+10
2.763385290053170e-02 5.603892438485186e+10
2.782559402207124e-02 5.584148909275008e+10
2.801866556459195e-02 5.564190929216354e+10
2.821307675939472e-02 5.544017045811956e+10
2.840883690183302e-02 5.523625822859124e+10
2.860595535175742e-02 5.503015841447012e+10
2.880444153396296e-02 5.482185700979852e+10
2.900430493863992e-02 5.461134020226376e+10
2.920555512182747e-02 5.439859438395858e+10
2.940820170587062e-02 5.418360616241074e+10
2.961225437988034e-02 5.396636237188523e+10
2.981772290019672e-02 5.374685008496221e+10
3.002461709085549e-02 5.352505662439388e+10
3.023294684405778e-02 5.330096957524317e+10
3.044272212064303e-02 5.307457679730727e+10
3.065395295056527e-02 5.284586643782864e+10
3.086664943337273e-02 5.261482694449598e+10
3.108082173869064e-02 5.238144707873824e+10
3.129648010670752e-02 5.214571592931291e+10
3.151363484866479e-02 5.190762292619201e+10
3.173229634734976e-02 5.166715785474657e+10
3.195247505759212e-02 5.142431087023219e+10
3.217418150676372e-02 5.117907251257689e+10
3.239742629528197e-02 5.093143372147256e+10
3.262222009711670e-02 5.068138585177130e+10
3.284857366030044e-02 5.042892068918743e+10
3.307649780744241e-02 5.017403046630560e+10
3.330600343624589e-02 4.991670787889590e+10
3.353710152002930e-02 4.965694610253511e+10
3.376980310825092e-02 4.939473880953466e+10
3.400411932703706e-02 4.913008018617441e+10
3.424006137971424e-02 4.886296495024087e+10
3.447764054734464e-02 4.859338836886951e+10
3.471686818926562e-02 4.832134627668861e+10
3.495775574363275e-02 4.804683509426300e+10
3.520031472796679e-02 4.776985184683530e+10
3.544455673970433e-02 4.749039418336128e+10
3.569049345675230e-02 4.720846039583678e+10
3.593813663804628e-02 4.692404943891125e+10
3.618749812411280e-02 4.663716094978476e+10
3.643858983763545e-02 4.634779526838258e+10
3.669142378402492e-02 4.605595345780276e+10
3.694601205199302e-02 4.576163732503013e+10
3.720236681413068e-02 4.546484944191043e+10
3.746050032748993e-02 4.516559316637765e+10
3.772042493416997e-02 4.486387266392610e+10
3.798215306190734e-02 4.455969292931951e+10
3.824569722466999e-02 4.425305980852763e+10
3.851107002325571e-02 4.394398002088025e+10
3.877828414589457e-02 4.363246118142860e+10
3.904735236885560e-02 4.331851182350224e+10
3.931828755705769e-02 4.300214142144942e+10
3.959110266468459e-02 4.268336041354837e+10
3.986581073580441e-02 4.236218022507473e+10
4.014242490499322e-02 4.203861329151134e+10
4.042095839796308e-02 4.171267308188437e+10
4.070142453219436e-02 4.138437412220889e+10
4.098383671757262e-02 4.105373201902708e+10
4.126820845702954e-02 4.072076348302013e+10
4.155455334718875e-02 4.038548635267392e+10
4.184288507901582e-02 4.004791961797877e+10
4.213321743847287e-02 3.970808344414079e+10
4.242556430717777e-02 3.936599919528230e+10
4.271993966306779e-02 3.902168945810751e+10
4.301635758106795e-02 3.867517806550806e+10
4.331483223376401e-02 3.832649012008248e+10
4.361537789208003e-02 3.797565201754138e+10
4.391800892596086e-02 3.762269146997041e+10
4.422273980505900e-02 3.726763752892014e+10
4.452958509942655e-02 3.691052060829200e+10
4.483855948021188e-02 3.655137250698705e+10
4.514967772036100e-02 3.619022643128402e+10
4.546295469532399e-02 3.582711701691033e+10
4.577840538376619e-02 3.546208035077037e+10
4.609604486828434e-02 3.509515399229147e+10
4.641588833612779e-02 3.472637699434830e+10
4.673795107992461e-02 3.435578992372475e+10
4.706224849841281e-02 3.398343488106974e+10
4.738879609717653e-02 3.360935552030366e+10
4.771760948938746e-02 3.323359706742854e+10
4.804870439655132e-02 3.285620633869559e+10
4.838209664925955e-02 3.247723175808075e+10
4.871780218794631e-02 3.209672337401768e+10
4.905583706365048e-02 3.171473287533688e+10
4.939621743878321e-02 3.133131360635664e+10
4.973895958790065e-02 3.094652058107124e+10
5.008407989848210e-02 3.056041049637947e+10
5.043159487171359e-02 3.017304174429553e+10
5.078152112327673e-02 2.978447442308261e+10
5.113387538414326e-02 2.939477034724765e+10
5.148867450137495e-02 2.900399305633498e+10
5.184593543892910e-02 2.861220782245436e+10
5.220567527846975e-02 2.821948165647810e+10
5.256791122018422e-02 2.782588331284015e+10
5.293266058360561e-02 2.743148329286875e+10
5.329994080844090e-02 2.703635384658332e+10
5.366976945540476e-02 2.664056897288425e+10
5.404216420705915e-02 2.624420441806395e+10
5.441714286865890e-02 2.584733767256557e+10
5.479472336900287e-02 2.545004796591572e+10
5.517492376129126e-02 2.505241625975513e+10
5.555776222398878e-02 2.465452523889198e+10
5.594325706169378e-02 2.425645930030045e+10
5.633142670601355e-02 2.385830453998714e+10
5.672228971644543e-02 2.346014873764746e+10
5.711586478126432e-02 2.306208133903284e+10
5.751217071841613e-02 2.266419343595055e+10
5.791122647641758e-02 2.226657774381666e+10
5.831305113526222e-02 2.186932857668307e+10
5.871766390733255e-02 2.147254181966022e+10
5.912508413831878e-02 2.107631489865616e+10
5.953533130814370e-02 2.068074674735461e+10
5.994842503189409e-02 2.028593777135406e+10
6.036438506075867e-02 1.989198980939191e+10
6.078323128297230e-02 1.949900609157821e+10
6.120498372476699e-02 1.910709119456476e+10
6.162966255132942e-02 1.871635099357781e+10
6.205728806776500e-02 1.832689261124334e+10
6.248788072006891e-02 1.793882436313673e+10
6.292146109610344e-02 1.755225569999133e+10
6.335804992658250e-02 1.716729714650203e+10
6.379766808606283e-02 1.678406023666428e+10
6.424033659394190e-02 1.640265744559126e+10
6.468607661546324e-02 1.602320211775650e+10
6.513490946272803e-02 1.564580839161261e+10
6.558685659571432e-02 1.527059112054136e+10
6.604193962330306e-02 1.489766579009542e+10
6.650018030431118e-02 1.452714843149683e+10
6.696160054853219e-02 1.415915553136297e+10
6.742622241778343e-02 1.379380393763720e+10
6.789406812696110e-02 1.343121076170673e+10
6.836516004510239e-02 1.307149327669831e+10
6.883952069645496e-02 1.271476881194885e+10
6.931717276155404e-02 1.236115464365582e+10
6.979813907830661e-02 1.201076788172145e+10
7.028244264308349e-02 1.166372535281174e+10
7.077010661181890e-02 1.132014347966218e+10
7.126115430111746e-02 1.098013815667083e+10
7.175560918936924e-02 1.064382462182940e+10
7.225349491787214e-02 1.031131732505470e+10
7.275483529196229e-02 9.982729792992693e+09
7.325965428215230e-02 9.658174490379799e+09
7.376797602527735e-02 9.337762678058298e+09
7.427982482564914e-02 9.021604267755108e+09
7.479522515621821e-02 8.709807673746304e+09
7.531420165974372e-02 8.402479661543960e+09
7.583677914997190e-02 8.099725193755192e+09
7.636298261282246e-02 7.801647273278690e+09
7.689283720758310e-02 7.508346784018656e+09
7.742636826811269e-02 7.219922329311510e+09
7.796360130405233e-02 6.936470068277246e+09
7.850456200204509e-02 6.658083550322684e+09
7.904927622696424e-02 6.384853548041374e+09
7.959777002314981e-02 6.116867888771661e+09
8.015006961565405e-02 5.854211285091430e+09
8.070620141149504e-02 5.596965164546372e+09
8.126619200091946e-02 5.345207498925515e+09
8.183006815867394e-02 5.099012633416535e+09
8.239785684528515e-02 4.858451115991134e+09
8.296958520834907e-02 4.623589527388841e+09
8.354528058382867e-02 4.394490312086308e+09
8.412497049736119e-02 4.171211610656577e+09
8.470868266557406e-02 3.953807093941607e+09
8.529644499741021e-02 3.742325799478567e+09
8.588828559546249e-02 3.536811970638298e+09
8.648423275731722e-02 3.337304898951584e+09
8.708431497690725e-02 3.143838770115215e+09
8.768856094587431e-02 2.956442514186522e+09
8.829699955494087e-02 2.775139660490202e+09
8.890965989529158e-02 2.599948197776331e+09
8.952657125996397e-02 2.430880440182227e+09
9.014776314524918e-02 2.267942899563651e+09
9.077326525210229e-02 2.111136164772883e+09
9.140310748756228e-02 1.960454788471667e+09
9.203731996618221e-02 1.815887182076169e+09
9.267593301146879e-02 1.677415519438955e+09
9.331897715733239e-02 1.545015649878869e+09
9.396648314954696e-02 1.418657021174064e+09
9.461848194721997e-02 1.298302613135808e+09
9.527500472427290e-02 1.183908882380737e+09
9.593608287093142e-02 1.075425718917505e+09
9.660174799522646e-02 9.727964151590354e+08
9.727203192450543e-02 8.759576479649268e+08
9.794696670695395e-02 7.848394743086971e+08
9.862658461312820e-02 6.993653411521260e+08
9.931091813749796e-02 6.194521100933342e+08
1.000000000000000e-01 5.450100973366122e+08
1.006938631476027e-01 4.759431295098565e+08
1.013925407558815e-01 4.121486158300337e+08
1.020960662306046e-01 3.535176370881587e+08
1.028044732093310e-01 2.999350518920415e+08
1.035177955630176e-01 2.512796205690045e+08
1.042360673976401e-01 2.074241470895506e+08
1.049593230558228e-01 1.682356393287889e+08
1.056875971184804e-01 1.335754879333916e+08
1.064209244064725e-01 1.032996640088395e+08
1.071593399822671e-01 7.725893578471881e+07
1.079028791516184e-01 5.529910435398860e+07
1.086515774652538e-01 3.726125851663177e+07
1.094054707205742e-01 2.298204868781371e+07
1.101645949633657e-01 1.229397975642723e+07
1.109289864895223e-01 5.025722701472091e+06
1.116986818467823e-01 1.002444691040894e+06
1.124737178364752e-01 4.615730230603501e+04
1.132541315152811e-01 1.976082410539571e+06
1.140399601970033e-01 6.609035201389842e+06
1.148312414543511e-01 1.375982366342014e+07
1.156280131207375e-01 2.324166381767011e+07
1.164303132920877e-01 3.486660983796999e+07
1.172381803286599e-01 4.844599811036074e+07
1.180516528568806e-01 6.379090417263181e+07
1.188707697711903e-01 8.071261136603576e+07
1.196955702359043e-01 9.902308992143309e+07
1.205260936870843e-01 1.185354850916540e+08
1.213623798344241e-01 1.390646128316834e+08
1.222044686631489e-01 1.604274614188403e+08
1.230524004359262e-01 1.824436972970415e+08
1.239062156947916e-01 2.049361733236521e+08
1.247659552630870e-01 2.277314374945382e+08
1.256316602474120e-01 2.506602401241757e+08
1.265033720395904e-01 2.735580373635730e+08
1.273811323186478e-01 2.962654888501933e+08
1.282649830528060e-01 3.186289472024863e+08
1.291549665014884e-01 3.405009369972597e+08
1.300511252173409e-01 3.617406208028202e+08
1.309535020482668e-01 3.822142497850094e+08
1.318621401394748e-01 4.017955963582468e+08
1.327770829355429e-01 4.203663663207919e+08
1.336983741824947e-01 4.378165878931702e+08
1.346260579298910e-01 4.540449750728489e+08
1.355601785329369e-01 4.689592627272926e+08
1.365007806546014e-01 4.824765108727859e+08
1.374479092677537e-01 4.945233756289964e+08
1.384016096573132e-01 5.050363443997702e+08
1.393619274224142e-01 5.139619329104195e+08
1.403289084785873e-01 5.212568418313302e+08
1.413025990599534e-01 5.268880708378516e+08
1.422830457214352e-01 5.308329880979940e+08
1.432702953409831e-01 5.330793533426134e+08
1.442643951218157e-01 5.336252928582376e+08
1.452653925946781e-01 5.324792249504781e+08
1.462733356201130e-01 5.296597346562554e+08
1.472882723907502e-01 5.251953967357084e+08
1.483102514336104e-01 5.191245462493258e+08
1.493393216124252e-01 5.114949963220041e+08
1.503755321299738e-01 5.023637030126252e+08
1.514189325304352e-01 4.917963775444031e+08
1.524695727017575e-01 4.798670465062584e+08
1.535275028780423e-01 4.666575610075256e+08
1.545927736419477e-01 4.522570561552332e+08
1.556654359271062e-01 4.367613626232865e+08
1.567455410205595e-01 4.202723724933178e+08
1.578331405652118e-01 4.028973619652681e+08
1.589282865622978e-01 3.847482739589446e+08
1.600310313738700e-01 3.659409640521528e+08
1.611414277253020e-01 3.465944136235057e+08
1.622595287078087e-01 3.268299144841559e+08
1.633853877809862e-01 3.067702296886527e+08
1.645190587753662e-01 2.865387356065122e+08
1.656605958949914e-01 2.662585507078084e+08
1.668100537200059e-01 2.460516568639778e+08
1.679674872092653e-01 2.260380192833459e+08
1.691329517029649e-01 2.063347114850233e+08
1.703065029252844e-01 1.870550519594180e+08
1.714881969870539e-01 1.683077593631969e+08
1.726780903884356e-01 1.501961332464434e+08
1.738762400216251e-01 1.328172674043117e+08
1.750827031735725e-01 1.162613029802208e+08
1.762975375287206e-01 1.006107284177801e+08
1.775208011717634e-01 8.593973325961341e+07
1.787525525904236e-01 7.231362261964695e+07
1.799928506782476e-01 5.978829890730032e+07
1.812417547374238e-01 4.840981705492348e+07
1.824993244816152e-01 3.821401909158027e+07
1.837656200388171e-01 2.922625341530623e+07
1.850407019542302e-01 2.146118354221793e+07
1.863246311931560e-01 1.492269045440959e+07
1.876174691439121e-01 9.603871931273911e+06
1.889192776207666e-01 5.487141433335150e+06
1.902301188668944e-01 2.544428217677550e+06
1.915500555573528e-01 7.374794049389643e+05
1.928791508020778e-01 1.826369591436320e+04
1.942174681489026e-01 3.294753590391101e+05
1.955650715865949e-01 1.605135987556725e+06
1.969220255479172e-01 3.771290367613733e+06
1.982883949127071e-01 6.746791617837386e+06
1.996642450109793e-01 1.044416957038744e+07
2.010496416260499e-01 1.477057517756847e+07
2.024446509976804e-01 1.962879256247179e+07
2.038493398252462e-01 2.491830920355343e+07
2.052637752709252e-01 3.053643366901666e+07
2.066880249629082e-01 3.637944931570802e+07
2.081221569986339e-01 4.234379145763062e+07
2.095662399480433e-01 4.832723471003623e+07
2.110203428568594e-01 5.423007654538848e+07
2.124845352498883e-01 5.995630257564235e+07
2.139588871343422e-01 6.541471871922777e+07
2.154434690031884e-01 7.052003523751676e+07
2.169383518385184e-01 7.519388764967927e+07
2.184436071149426e-01 7.936577977024551e+07
2.199593068030075e-01 8.297393457145855e+07
2.214855233726359e-01 8.596603926128238e+07
2.230223297965939e-01 8.829987189313348e+07
2.245697995539774e-01 8.994379798704417e+07
2.261280066337277e-01 9.087712704229711e+07
2.276970255381680e-01 9.109032045251785e+07
2.292769312865649e-01 9.058504418544534e+07
2.308677994187170e-01 8.937406164591283e+07
2.324697059985648e-01 8.748096438202755e+07
2.340827276178292e-01 8.493974069615650e+07
2.357069413996728e-01 8.179418475422624e+07
2.373424250023866e-01 7.809715141425243e+07
2.389892566231050e-01 7.390966467850427e+07
2.406475150015424e-01 6.929989036961125e+07
2.423172794237598e-01 6.434198629154396e+07
2.439986297259550e-01 5.911484571102817e+07
2.456916462982790e-01 5.370075243005415e+07
2.473964100886814e-01 4.818396796073750e+07
2.491130026067788e-01 4.264927330409441e+07
2.508415059277538e-01 3.718048951890771e+07
2.525820026962785e-01 3.185900259223177e+07
2.543345761304648e-01 2.676231903837919e+07
2.560993100258460e-01 2.196267911221641e+07
2.578762887593801e-01 1.752575448480354e+07
2.596655972934870e-01 1.350945666155931e+07
2.614673211801092e-01 9.962881300969601e+06
2.632815465648020e-01 6.925411900970738e+06
2.651083601908539e-01 4.426004057895486e+06
2.669478494034321e-01 2.482668679100369e+06
2.688001021537605e-01 1.102169168571360e+06
2.706652070033241e-01 2.799437428948628e+05
2.725432531281028e-01 2.597255797459414e+02
2.744343303228365e-01 2.366019785180922e+05
2.763385290053170e-01 9.522926426459481e+05
2.782559402207126e-01 2.101334171900890e+06
2.801866556459195e-01 3.629462364519628e+06
2.821307675939471e-01 5.475390843969730e+06
2.840883690183304e-01 7.572223347895031e+06
2.860595535175742e-01 9.849005383517204e+06
2.880444153396298e-01 1.223238244162273e+07
2.900430493863992e-01 1.464832816825721e+07
2.920555512182745e-01 1.702390280949320e+07
2.940820170587063e-01 1.928899999797352e+07
2.961225437988034e-01 2.137803865594833e+07
2.981772290019674e-01 2.323155654683496e+07
3.002461709085549e-01 2.479766289319876e+07
3.023294684405776e-01 2.603330954511109e+07
3.044272212064303e-01 2.690534345091407e+07
3.065395295056527e-01 2.739130764128075e+07
3.086664943337274e-01 2.747996353973842e+07
3.108082173869064e-01 2.717151407322710e+07
3.129648010670750e-01 2.647751465052065e+07
3.151363484866480e-01 2.542046744142030e+07
3.173229634734976e-01 2.403310332534274e+07
3.195247505759213e-01 2.235736514980848e+07
3.217418150676372e-01 2.044311528319596e+07
3.239742629528196e-01 1.834659957391610e+07
3.262222009711670e-01 1.612870843557909e+07
3.284857366030043e-01 1.385308355293137e+07
3.307649780744242e-01 1.158412533717914e+07
3.330600343624588e-01 9.384961456388328e+06
3.353710152002929e-01 7.315440257050472e+06
3.376980310825091e-01 5.430214444586334e+06
3.400411932703706e-01 3.776979821122751e+06
3.424006137971425e-01 2.394931067331162e+06
3.447764054734464e-01 1.313491452052215e+06
3.471686818926559e-01 5.513659897894466e+05
3.495775574363275e-01 1.159580597454344e+05
3.520031472796679e-01 3.178059131614184e+03
3.544455673970436e-01 1.976595872142898e+05
3.569049345675230e-01 6.733843317528109e+05
3.593813663804626e-01 1.394701723263115e+06
3.618749812411280e-01 2.317714070857508e+06
3.643858983763544e-01 3.391982885369753e+06
3.669142378402494e-01 4.562498053629892e+06
3.694601205199303e-01 5.771839084776772e+06
3.720236681413066e-01 6.962447421916698e+06
3.746050032748993e-01 8.078921372073819e+06
3.772042493416998e-01 9.070241051939473e+06
3.798215306190736e-01 9.891830270520931e+06
3.824569722466999e-01 1.050736573529390e+07
3.851107002325569e-01 1.089025148295772e+07
3.877828414589458e-01 1.102468793083497e+07
3.904735236885560e-01 1.090628016286217e+07
3.931828755705770e-01 1.054214855283957e+07
3.959110266468459e-01 9.950525943887742e+06
3.986581073580439e-01 9.159848525924461e+06
4.014242490499322e-01 8.207371307766601e+06
4.042095839796306e-01 7.137362573350287e+06
4.070142453219439e-01 5.998953774124506e+06
4.098383671757261e-01 4.843740752243902e+06
4.126820845702952e-01 3.723247861159530e+06
4.155455334718876e-01 2.686377404881995e+06
4.184288507901580e-01 1.776971977797256e+06
4.213321743847289e-01 1.031616110574082e+06
4.242556430717777e-01 4.777957629641538e+05
4.271993966306777e-01 1.325196383555905e+05
4.301635758106795e-01 1.485386442327921e+03
4.331483223376398e-01 7.884725377977491e+04
4.361537789208006e-01 3.476107608493977e+05
4.391800892596086e-01 7.806460006120846e+05
4.422273980505897e-01 1.342275932991177e+06
4.452958509942656e-01 1.990361572224955e+06
4.483855948021186e-01 2.678774322625267e+06
4.514967772036102e-01 3.360118999736719e+06
4.546295469532399e-01 3.988551226654547e+06
4.577840538376616e-01 4.522521592116036e+06
4.609604486828434e-01 4.927277460836544e+06
4.641588833612778e-01 5.176962369170489e+06
4.673795107992463e-01 5.256172622421479e+06
4.706224849841282e-01 5.160860439912923e+06
4.738879609717651e-01 4.898511455135969e+06
4.771760948938746e-01 4.487569557741389e+06
4.804870439655129e-01 3.956131325873600e+06
4.838209664925957e-01 3.339982510985686e+06
4.871780218794631e-01 2.680096756589424e+06
4.905583706365045e-01 2.019758416598250e+06
4.939621743878321e-01 1.401503605200163e+06
4.973895958790063e-01 8.640935015506113e+05
5.008407989848213e-01 4.397391820177119e+05
5.043159487171359e-01 1.517865221909200e+05
5.078152112327676e-01 1.304278263969597e+04
5.113387538414326e-01 2.488439141841851e+04
5.148867450137492e-01 1.772304647956774e+05
5.184593543892912e-01 4.494022785391801e+05
5.220567527846975e-01 8.118197639590078e+05
5.256791122018425e-01 1.228417458886017e+06
5.293266058360562e-01 1.659599874906987e+06
5.329994080844088e-01 2.065505557555542e+06
5.366976945540476e-01 2.409315260330881e+06
5.404216420705915e-01 2.660326610927159e+06
5.441714286865893e-01 2.796527889781110e+06
5.479472336900287e-01 2.806437659856312e+06
5.517492376129123e-01 2.690033467470101e+06
5.555776222398878e-01 2.458667997115670e+06
5.594325706169377e-01 2.133959206823302e+06
5.633142670601358e-01 1.745734723896622e+06
5.672228971644544e-01 1.329201658443781e+06
5.711586478126429e-01 9.215921183764822e+05
5.751217071841613e-01 5.585936606042285e+05
5.791122647641759e-01 2.709056039306665e+05
5.831305113526225e-01 8.126165855893159e+04
5.871766390733255e-01 2.224686651816741e+03
5.912508413831875e-01 3.499196172519131e+04
5.953533130814370e-01 1.693539477294880e+05
5.994842503189409e-01 3.848346238031810e+05
6.036438506075870e-01 6.529177514914261e+05
6.078323128297229e-01 9.401440367099657e+05
6.120498372476697e-01 1.211762240352378e+06
6.162966255132942e-01 1.435545381835241e+06
6.205728806776500e-01 1.585351270627949e+06
6.248788072006894e-01 1.644020882738890e+06
6.292146109610344e-01 1.605269857784612e+06
6.335804992658248e-01 1.474333398450937e+06
6.379766808606282e-01 1.267263363045667e+06
6.424033659394190e-01 1.008933775501978e+06
6.468607661546327e-01 7.299692873682147e+05
6.513490946272803e-01 4.629507455377911e+05
6.558685659571428e-01 2.383542179250921e+05
6.604193962330305e-01 8.072921584863492e+04
6.650018030431118e-01 5.608701906095134e+03
6.696160054853222e-01 1.756554523558905e+04
6.742622241778342e-01 1.096936214596229e+05
6.789406812696106e-01 2.646114048715962e+05
6.836516004510238e-01 4.568834832207627e+05
6.883952069645496e-01 6.565575272399824e+05
6.931717276155407e-01 8.333488856580415e+05
6.979813907830660e-01 9.608976974137607e+05
7.028244264308345e-01 1.020493331269079e+06
7.077010661181889e-01 1.003717340809767e+06
7.126115430111746e-01 9.135960690664715e+05
7.175560918936928e-01 7.640618252294181e+05
7.225349491787214e-01 5.777698620010555e+05
7.275483529196225e-01 3.825714803727238e+05
7.325965428215230e-01 2.071622306400402e+05
7.376797602527730e-01 7.657156357116575e+04
7.427982482564919e-01 8.208268805741673e+03
7.479522515621821e-01 9.110564116557774e+03
7.531420165974368e-01 7.487444926760819e+04
7.583677914997191e-01 1.904713363751280e+05
7.636298261282242e-01 3.328550616851887e+05
7.689283720758313e-01 4.749495805462220e+05
7.742636826811270e-01 5.903558811941518e+05
7.796360130405229e-01 6.579680726755302e+05
7.850456200204510e-01 6.656773258479119e+05
7.904927622696420e-01 6.124790055761462e+05
7.959777002314986e-01 5.085670322025173e+05
8.015006961565405e-01 3.733583925426112e+05
8.070620141149499e-01 2.317775777098592e+05
8.126619200091946e-01 1.094731788245871e+05
8.183006815867390e-01 2.786764237103822e+04
8.239785684528520e-01 4.153484195947458e+00
8.296958520834906e-01 2.802888964714254e+04
8.354528058382863e-01 1.028461624365977e+05
8.412497049736118e-01 2.060590242241561e+05
8.470868266557402e-01 3.138393656090412e+05
8.529644499741025e-01 4.019553767626843e+05
8.588828559546250e-01 4.509126165112495e+05
8.648423275731718e-01 4.501055887426008e+05
8.708431497690724e-01 4.000558425362575e+05
8.768856094587426e-01 3.122051180856177e+05
8.829699955494091e-01 2.062626702711625e+05
8.890965989529158e-01 1.056619013171936e+05
8.952657125996401e-01 3.213560545785972e+04
9.014776314524917e-01 6.585517747649119e+02
9.077326525210223e-01 1.596057807339380e+04
9.140310748756232e-01 7.147625732160929e+04
9.203731996618221e-01 1.510329912926812e+05
9.267593301146884e-01 2.329139301415817e+05
9.331897715733238e-01 2.953263452260526e+05
9.396648314954691e-01 3.219179017092485e+05
9.461848194722002e-01 3.059262302954511e+05
9.527500472427290e-01 2.518565270460173e+05
9.593608287093147e-01 1.741980685495165e+05
9.660174799522646e-01 9.346673355231210e+04
9.727203192450538e-01 3.059524642994242e+04
9.794696670695395e-01 1.180547266875544e+03
9.862658461312821e-01 1.118689122590302e+04
9.931091813749801e-01 5.534435628039487e+04
1.000000000000000e+00 1.187512303361544e+05
