<X> <Y>
1.000000000000000e-03 7.180218002553360e+10
1.006938631476027e-03 7.180126011800012e+10
1.013925407558815e-03 7.180032741066040e+10
1.020960662306047e-03 7.179938172555621e+10
1.028044732093310e-03 7.179842288226749e+10
1.035177955630176e-03 7.179745069786502e+10
1.042360673976401e-03 7.179646498688130e+10
1.049593230558228e-03 7.179546556127122e+10
1.056875971184804e-03 7.179445223039073e+10
1.064209244064725e-03 7.179342480093607e+10
1.071593399822671e-03 7.179238307693433e+10
1.079028791516184e-03 7.179132685968622e+10
1.086515774652538e-03 7.179025594773680e+10
1.094054707205742e-03 7.178917013683490e+10
1.101645949633657e-03 7.178806921989856e+10
1.109289864895223e-03 7.178695298697130e+10
1.116986818467823e-03 7.178582122518513e+10
1.124737178364752e-03 7.178467371871666e+10
1.132541315152812e-03 7.178351024875537e+10
1.140399601970033e-03 7.178233059344618e+10
1.148312414543511e-03 7.178113452786809e+10
1.156280131207375e-03 7.177992182396800e+10
1.164303132920877e-03 7.177869225054552e+10
1.172381803286599e-03 7.177744557318539e+10
1.180516528568806e-03 7.177618155421844e+10
1.188707697711903e-03 7.177489995268706e+10
1.196955702359043e-03 7.177360052429515e+10
1.205260936870843e-03 7.177228302135132e+10
1.213623798344241e-03 7.177094719273759e+10
1.222044686631489e-03 7.176959278385069e+10
1.230524004359262e-03 7.176821953656386e+10
1.239062156947916e-03 7.176682718916699e+10
1.247659552630870e-03 7.176541547632619e+10
1.256316602474120e-03 7.176398412902937e+10
1.265033720395904e-03 7.176253287454169e+10
1.273811323186479e-03 7.176106143633948e+10
1.282649830528060e-03 7.175956953407855e+10
1.291549665014884e-03 7.175805688352461e+10
1.300511252173409e-03 7.175652319650490e+10
1.309535020482668e-03 7.175496818086150e+10
1.318621401394748e-03 7.175339154038416e+10
1.327770829355429e-03 7.175179297476268e+10
1.336983741824947e-03 7.175017217952663e+10
1.346260579298910e-03 7.174852884599120e+10
1.355601785329369e-03 7.174686266119543e+10
1.365007806546014e-03 7.174517330784758e+10
1.374479092677537e-03 7.174346046426051e+10
1.384016096573132e-03 7.174172380429675e+10
1.393619274224142e-03 7.173996299730231e+10
1.403289084785873e-03 7.173817770804784e+10
1.413025990599534e-03 7.173636759666473e+10
1.422830457214352e-03 7.173453231858005e+10
1.432702953409831e-03 7.173267152445297e+10
1.442643951218157e-03 7.173078486011208e+10
1.452653925946781e-03 7.172887196648381e+10
1.462733356201130e-03 7.172693247952563e+10
1.472882723907502e-03 7.172496603016292e+10
1.483102514336104e-03 7.172297224421472e+10
1.493393216124252e-03 7.172095074232593e+10
1.503755321299738e-03 7.171890113989574e+10
1.514189325304352e-03 7.171682304700368e+10
1.524695727017575e-03 7.171471606834192e+10
1.535275028780423e-03 7.171257980313542e+10
1.545927736419477e-03 7.171041384507103e+10
1.556654359271062e-03 7.170821778221643e+10
1.567455410205595e-03 7.170599119695245e+10
1.578331405652118e-03 7.170373366588210e+10
1.589282865622978e-03 7.170144475976547e+10
1.600310313738700e-03 7.169912404342831e+10
1.611414277253020e-03 7.169677107568498e+10
1.622595287078087e-03 7.169438540925813e+10
1.633853877809862e-03 7.169196659069154e+10
1.645190587753663e-03 7.168951416026944e+10
1.656605958949913e-03 7.168702765192699e+10
1.668100537200059e-03 7.168450659316560e+10
1.679674872092653e-03 7.168195050496393e+10
1.691329517029649e-03 7.167935890168925e+10
1.703065029252844e-03 7.167673129100719e+10
1.714881969870539e-03 7.167406717378963e+10
1.726780903884356e-03 7.167136604402058e+10
1.738762400216250e-03 7.166862738870738e+10
1.750827031735725e-03 7.166585068777769e+10
1.762975375287206e-03 7.166303541398859e+10
1.775208011717634e-03 7.166018103282539e+10
1.787525525904235e-03 7.165728700240340e+10
1.799928506782477e-03 7.165435277337071e+10
1.812417547374238e-03 7.165137778879915e+10
1.824993244816152e-03 7.164836148408716e+10
1.837656200388170e-03 7.164530328685400e+10
1.850407019542302e-03 7.164220261683142e+10
1.863246311931560e-03 7.163905888575659e+10
1.876174691439121e-03 7.163587149726598e+10
1.889192776207666e-03 7.163263984678320e+10
1.902301188668944e-03 7.162936332140666e+10
1.915500555573528e-03 7.162604129979533e+10
1.928791508020778e-03 7.162267315205888e+10
1.942174681489027e-03 7.161925823963530e+10
1.955650715865949e-03 7.161579591517554e+10
1.969220255479171e-03 7.161228552242719e+10
1.982883949127072e-03 7.160872639610667e+10
1.996642450109793e-03 7.160511786178293e+10
2.010496416260499e-03 7.160145923575127e+10
2.024446509976804e-03 7.159774982490508e+10
2.038493398252464e-03 7.159398892661160e+10
2.052637752709252e-03 7.159017582858096e+10
2.066880249629082e-03 7.158630980873615e+10
2.081221569986339e-03 7.158239013507993e+10
2.095662399480433e-03 7.157841606555917e+10
2.110203428568597e-03 7.157438684793259e+10
2.124845352498883e-03 7.157030171962785e+10
2.139588871343421e-03 7.156615990760532e+10
2.154434690031884e-03 7.156196062821562e+10
2.169383518385184e-03 7.155770308705615e+10
2.184436071149428e-03 7.155338647882477e+10
2.199593068030075e-03 7.154900998717447e+10
2.214855233726359e-03 7.154457278456355e+10
2.230223297965939e-03 7.154007403210254e+10
2.245697995539774e-03 7.153551287940559e+10
2.261280066337279e-03 7.153088846442995e+10
2.276970255381680e-03 7.152619991332458e+10
2.292769312865649e-03 7.152144634026711e+10
2.308677994187170e-03 7.151662684730290e+10
2.324697059985648e-03 7.151174052418405e+10
2.340827276178294e-03 7.150678644820276e+10
2.357069413996728e-03 7.150176368402293e+10
2.373424250023866e-03 7.149667128351358e+10
2.389892566231050e-03 7.149150828557147e+10
2.406475150015424e-03 7.148627371595494e+10
2.423172794237601e-03 7.148096658709866e+10
2.439986297259550e-03 7.147558589794235e+10
2.456916462982790e-03 7.147013063374695e+10
2.473964100886814e-03 7.146459976591074e+10
2.491130026067788e-03 7.145899225178476e+10
2.508415059277541e-03 7.145330703448570e+10
2.525820026962785e-03 7.144754304270407e+10
2.543345761304648e-03 7.144169919051251e+10
2.560993100258459e-03 7.143577437716972e+10
2.578762887593801e-03 7.142976748692386e+10
2.596655972934872e-03 7.142367738881165e+10
2.614673211801092e-03 7.141750293645615e+10
2.632815465648020e-03 7.141124296786078e+10
2.651083601908539e-03 7.140489630520108e+10
2.669478494034321e-03 7.139846175461674e+10
2.688001021537607e-03 7.139193810599487e+10
2.706652070033241e-03 7.138532413275659e+10
2.725432531281028e-03 7.137861859163762e+10
2.744343303228365e-03 7.137182022246706e+10
2.763385290053170e-03 7.136492774794281e+10
2.782559402207126e-03 7.135793987340523e+10
2.801866556459195e-03 7.135085528660855e+10
2.821307675939471e-03 7.134367265748505e+10
2.840883690183304e-03 7.133639063791241e+10
2.860595535175742e-03 7.132900786147498e+10
2.880444153396298e-03 7.132152294322037e+10
2.900430493863992e-03 7.131393447941754e+10
2.920555512182745e-03 7.130624104730820e+10
2.940820170587064e-03 7.129844120485567e+10
2.961225437988034e-03 7.129053349049303e+10
2.981772290019673e-03 7.128251642286507e+10
3.002461709085549e-03 7.127438850056929e+10
3.023294684405777e-03 7.126614820189169e+10
3.044272212064303e-03 7.125779398454276e+10
3.065395295056527e-03 7.124932428538582e+10
3.086664943337274e-03 7.124073752016528e+10
3.108082173869064e-03 7.123203208323091e+10
3.129648010670750e-03 7.122320634725731e+10
3.151363484866479e-03 7.121425866296277e+10
3.173229634734976e-03 7.120518735882178e+10
3.195247505759214e-03 7.119599074077591e+10
3.217418150676372e-03 7.118666709194051e+10
3.239742629528196e-03 7.117721467230840e+10
3.262222009711670e-03 7.116763171844962e+10
3.284857366030043e-03 7.115791644320787e+10
3.307649780744242e-03 7.114806703539293e+10
3.330600343624588e-03 7.113808165946973e+10
3.353710152002929e-03 7.112795845524426e+10
3.376980310825091e-03 7.111769553754405e+10
3.400411932703706e-03 7.110729099589728e+10
3.424006137971426e-03 7.109674289420683e+10
3.447764054734464e-03 7.108604927041936e+10
3.471686818926559e-03 7.107520813619351e+10
3.495775574363275e-03 7.106421747656201e+10
3.520031472796679e-03 7.105307524958939e+10
3.544455673970436e-03 7.104177938602808e+10
3.569049345675230e-03 7.103032778896864e+10
3.593813663804626e-03 7.101871833348650e+10
3.618749812411280e-03 7.100694886628564e+10
3.643858983763544e-03 7.099501720533591e+10
3.669142378402494e-03 7.098292113950871e+10
3.694601205199302e-03 7.097065842820699e+10
3.720236681413066e-03 7.095822680099208e+10
3.746050032748993e-03 7.094562395720569e+10
3.772042493416998e-03 7.093284756558742e+10
3.798215306190736e-03 7.091989526388869e+10
3.824569722466999e-03 7.090676465848242e+10
3.851107002325569e-03 7.089345332396796e+10
3.877828414589457e-03 7.087995880277202e+10
3.904735236885560e-03 7.086627860474448e+10
3.931828755705771e-03 7.085241020675089e+10
3.959110266468458e-03 7.083835105225989e+10
3.986581073580439e-03 7.082409855092659e+10
4.014242490499322e-03 7.080965007817076e+10
4.042095839796306e-03 7.079500297475119e+10
4.070142453219439e-03 7.078015454633551e+10
4.098383671757262e-03 7.076510206306479e+10
4.126820845702952e-03 7.074984275911452e+10
4.155455334718876e-03 7.073437383224977e+10
4.184288507901581e-03 7.071869244337727e+10
4.213321743847289e-03 7.070279571609135e+10
4.242556430717777e-03 7.068668073621635e+10
4.271993966306777e-03 7.067034455134352e+10
4.301635758106795e-03 7.065378417036359e+10
4.331483223376399e-03 7.063699656299487e+10
4.361537789208006e-03 7.061997865930562e+10
4.391800892596086e-03 7.060272734923351e+10
4.422273980505897e-03 7.058523948209769e+10
4.452958509942656e-03 7.056751186610873e+10
4.483855948021186e-03 7.054954126787206e+10
4.514967772036102e-03 7.053132441188672e+10
4.546295469532400e-03 7.051285798004080e+10
4.577840538376616e-03 7.049413861109950e+10
4.609604486828434e-03 7.047516290019038e+10
4.641588833612777e-03 7.045592739828328e+10
4.673795107992464e-03 7.043642861166537e+10
4.706224849841282e-03 7.041666300141026e+10
4.738879609717651e-03 7.039662698284436e+10
4.771760948938746e-03 7.037631692500630e+10
4.804870439655129e-03 7.035572915010324e+10
4.838209664925958e-03 7.033485993296082e+10
4.871780218794631e-03 7.031370550046910e+10
4.905583706365045e-03 7.029226203102383e+10
4.939621743878321e-03 7.027052565396222e+10
4.973895958790063e-03 7.024849244899452e+10
5.008407989848212e-03 7.022615844563034e+10
5.043159487171359e-03 7.020351962260049e+10
5.078152112327670e-03 7.018057190727383e+10
5.113387538414326e-03 7.015731117506964e+10
5.148867450137492e-03 7.013373324886517e+10
5.184593543892913e-03 7.010983389839787e+10
5.220567527846975e-03 7.008560883966457e+10
5.256791122018419e-03 7.006105373431413e+10
5.293266058360562e-03 7.003616418903690e+10
5.329994080844088e-03 7.001093575494858e+10
5.366976945540477e-03 6.998536392697061e+10
5.404216420705915e-03 6.995944414320543e+10
5.441714286865887e-03 6.993317178430711e+10
5.479472336900287e-03 6.990654217284866e+10
5.517492376129128e-03 6.987955057268350e+10
5.555776222398878e-03 6.985219218830428e+10
5.594325706169377e-03 6.982446216419624e+10
5.633142670601352e-03 6.979635558418721e+10
5.672228971644543e-03 6.976786747079337e+10
5.711586478126435e-03 6.973899278456081e+10
5.751217071841614e-03 6.970972642340327e+10
5.791122647641758e-03 6.968006322193671e+10
5.831305113526219e-03 6.964999795080908e+10
5.871766390733255e-03 6.961952531602742e+10
5.912508413831881e-03 6.958863995828073e+10
5.953533130814370e-03 6.955733645226006e+10
5.994842503189409e-03 6.952560930597478e+10
6.036438506075864e-03 6.949345296006593e+10
6.078323128297230e-03 6.946086178711644e+10
6.120498372476703e-03 6.942783009095857e+10
6.162966255132942e-03 6.939435210597803e+10
6.205728806776500e-03 6.936042199641612e+10
6.248788072006888e-03 6.932603385566895e+10
6.292146109610344e-03 6.929118170558414e+10
6.335804992658254e-03 6.925585949575598e+10
6.379766808606282e-03 6.922006110281783e+10
6.424033659394191e-03 6.918378032973279e+10
6.468607661546328e-03 6.914701090508325e+10
6.513490946272803e-03 6.910974648235817e+10
6.558685659571436e-03 6.907198063923965e+10
6.604193962330305e-03 6.903370687688812e+10
6.650018030431118e-03 6.899491861922665e+10
6.696160054853222e-03 6.895560921222472e+10
6.742622241778342e-03 6.891577192318143e+10
6.789406812696112e-03 6.887539994000883e+10
6.836516004510238e-03 6.883448637051488e+10
6.883952069645496e-03 6.879302424168694e+10
6.931717276155407e-03 6.875100649897600e+10
6.979813907830660e-03 6.870842600558159e+10
7.028244264308352e-03 6.866527554173770e+10
7.077010661181890e-03 6.862154780400069e+10
7.126115430111745e-03 6.857723540453838e+10
7.175560918936928e-03 6.853233087042152e+10
7.225349491787214e-03 6.848682664291790e+10
7.275483529196233e-03 6.844071507678850e+10
7.325965428215230e-03 6.839398843958788e+10
7.376797602527731e-03 6.834663891096692e+10
7.427982482564918e-03 6.829865858198026e+10
7.479522515621821e-03 6.825003945439783e+10
7.531420165974375e-03 6.820077344002058e+10
7.583677914997190e-03 6.815085236000217e+10
7.636298261282242e-03 6.810026794417560e+10
7.689283720758313e-03 6.804901183038605e+10
7.742636826811269e-03 6.799707556383011e+10
7.796360130405237e-03 6.794445059640219e+10
7.850456200204510e-03 6.789112828604812e+10
7.904927622696420e-03 6.783709989612685e+10
7.959777002314986e-03 6.778235659478075e+10
8.015006961565405e-03 6.772688945431491e+10
8.070620141149508e-03 6.767068945058575e+10
8.126619200091946e-03 6.761374746240050e+10
8.183006815867389e-03 6.755605427092691e+10
8.239785684528520e-03 6.749760055911445e+10
8.296958520834907e-03 6.743837691112816e+10
8.354528058382871e-03 6.737837381179440e+10
8.412497049736118e-03 6.731758164606058e+10
8.470868266557402e-03 6.725599069846891e+10
8.529644499741026e-03 6.719359115264476e+10
8.588828559546249e-03 6.713037309080097e+10
8.648423275731726e-03 6.706632649325811e+10
8.708431497690725e-03 6.700144123798213e+10
8.768856094587427e-03 6.693570710013992e+10
8.829699955494092e-03 6.686911375167358e+10
8.890965989529159e-03 6.680165076089445e+10
8.952657125996400e-03 6.673330759209728e+10
9.014776314524917e-03 6.666407360519662e+10
9.077326525210224e-03 6.659393805538448e+10
9.140310748756233e-03 6.652289009281236e+10
9.203731996618222e-03 6.645091876229688e+10
9.267593301146883e-03 6.637801300305103e+10
9.331897715733239e-03 6.630416164844168e+10
9.396648314954691e-03 6.622935342577464e+10
9.461848194722003e-03 6.615357695610803e+10
9.527500472427290e-03 6.607682075409557e+10
9.593608287093146e-03 6.599907322786049e+10
9.660174799522647e-03 6.592032267890141e+10
9.727203192450537e-03 6.584055730203165e+10
9.794696670695395e-03 6.575976518535295e+10
9.862658461312821e-03 6.567793431026460e+10
9.931091813749801e-03 6.559505255151030e+10
1.000000000000000e-02 6.551110767726273e+10
1.006938631476028e-02 6.542608734924860e+10
1.013925407558815e-02 6.533997912291438e+10
1.020960662306047e-02 6.525277044763493e+10
1.028044732093309e-02 6.516444866696649e+10
1.035177955630176e-02 6.507500101894498e+10
1.042360673976402e-02 6.498441463643198e+10
1.049593230558228e-02 6.489267654750928e+10
1.056875971184804e-02 6.479977367592408e+10
1.064209244064724e-02 6.470569284158622e+10
1.071593399822671e-02 6.461042076111967e+10
1.079028791516184e-02 6.451394404846940e+10
1.086515774652538e-02 6.441624921556567e+10
1.094054707205742e-02 6.431732267304797e+10
1.101645949633656e-02 6.421715073104977e+10
1.109289864895223e-02 6.411571960004669e+10
1.116986818467823e-02 6.401301539176971e+10
1.124737178364752e-02 6.390902412018527e+10
1.132541315152811e-02 6.380373170254485e+10
1.140399601970032e-02 6.369712396050556e+10
1.148312414543511e-02 6.358918662132440e+10
1.156280131207376e-02 6.347990531912788e+10
1.164303132920877e-02 6.336926559625957e+10
1.172381803286598e-02 6.325725290470788e+10
1.180516528568805e-02 6.314385260761613e+10
1.188707697711903e-02 6.302904998087762e+10
1.196955702359043e-02 6.291283021481776e+10
1.205260936870843e-02 6.279517841596635e+10
1.213623798344241e-02 6.267607960892136e+10
1.222044686631488e-02 6.255551873830846e+10
1.230524004359262e-02 6.243348067083733e+10
1.239062156947916e-02 6.230995019745820e+10
1.247659552630870e-02 6.218491203562159e+10
1.256316602474121e-02 6.205835083164306e+10
1.265033720395903e-02 6.193025116317692e+10
1.273811323186478e-02 6.180059754180077e+10
1.282649830528061e-02 6.166937441571452e+10
1.291549665014884e-02 6.153656617255643e+10
1.300511252173409e-02 6.140215714233932e+10
1.309535020482667e-02 6.126613160050994e+10
1.318621401394749e-02 6.112847377113477e+10
1.327770829355430e-02 6.098916783021518e+10
1.336983741824947e-02 6.084819790913535e+10
1.346260579298910e-02 6.070554809824606e+10
1.355601785329368e-02 6.056120245058776e+10
1.365007806546014e-02 6.041514498575610e+10
1.374479092677537e-02 6.026735969391348e+10
1.384016096573132e-02 6.011783053995007e+10
1.393619274224143e-02 5.996654146779741e+10
1.403289084785873e-02 5.981347640489878e+10
1.413025990599534e-02 5.965861926683915e+10
1.422830457214353e-02 5.950195396213882e+10
1.432702953409831e-02 5.934346439721427e+10
1.442643951218158e-02 5.918313448150970e+10
1.452653925946780e-02 5.902094813280338e+10
1.462733356201130e-02 5.885688928269196e+10
1.472882723907503e-02 5.869094188225721e+10
1.483102514336104e-02 5.852308990791841e+10
1.493393216124252e-02 5.835331736747466e+10
1.503755321299738e-02 5.818160830634036e+10
1.514189325304352e-02 5.800794681397890e+10
1.524695727017574e-02 5.783231703053688e+10
1.535275028780423e-02 5.765470315368428e+10
1.545927736419478e-02 5.747508944566355e+10
1.556654359271061e-02 5.729346024055208e+10
1.567455410205595e-02 5.710979995174142e+10
1.578331405652117e-02 5.692409307963831e+10
1.589282865622978e-02 5.673632421959003e+10
1.600310313738701e-02 5.654647807003939e+10
1.611414277253019e-02 5.635453944091228e+10
1.622595287078087e-02 5.616049326224254e+10
1.633853877809861e-02 5.596432459303736e+10
1.645190587753663e-02 5.576601863038773e+10
1.656605958949914e-02 5.556556071882735e+10
1.668100537200059e-02 5.536293635994410e+10
1.679674872092653e-02 5.515813122224792e+10
1.691329517029648e-02 5.495113115129863e+10
1.703065029252844e-02 5.474192218009756e+10
1.714881969870540e-02 5.453049053974672e+10
1.726780903884356e-02 5.431682267037910e+10
1.738762400216250e-02 5.410090523236316e+10
1.750827031735724e-02 5.388272511778582e+10
1.762975375287206e-02 5.366226946221651e+10
1.775208011717635e-02 5.343952565675598e+10
1.787525525904235e-02 5.321448136037296e+10
1.799928506782476e-02 5.298712451253146e+10
1.812417547374237e-02 5.275744334611208e+10
1.824993244816153e-02 5.252542640062978e+10
1.837656200388171e-02 5.229106253575092e+10
1.850407019542302e-02 5.205434094511189e+10
1.863246311931560e-02 5.181525117044183e+10
1.876174691439120e-02 5.157378311599166e+10
1.889192776207666e-02 5.132992706327108e+10
1.902301188668945e-02 5.108367368609568e+10
1.915500555573528e-02 5.083501406594539e+10
1.928791508020778e-02 5.058393970763580e+10
1.942174681489026e-02 5.033044255530325e+10
1.955650715865949e-02 5.007451500870486e+10
1.969220255479173e-02 4.981614993983363e+10
1.982883949127071e-02 4.955534070984909e+10
1.996642450109793e-02 4.929208118632368e+10
2.010496416260498e-02 4.902636576080374e+10
2.024446509976804e-02 4.875818936668580e+10
2.038493398252463e-02 4.848754749740547e+10
2.052637752709252e-02 4.821443622493896e+10
2.066880249629082e-02 4.793885221861439e+10
2.081221569986338e-02 4.766079276423137e+10
2.095662399480433e-02 4.738025578348585e+10
2.110203428568596e-02 4.709723985369735e+10
2.124845352498883e-02 4.681174422783458e+10
2.139588871343422e-02 4.652376885483627e+10
2.154434690031883e-02 4.623331440022153e+10
2.169383518385185e-02 4.594038226698553e+10
2.184436071149427e-02 4.564497461677454e+10
2.199593068030075e-02 4.534709439133382e+10
2.214855233726359e-02 4.504674533422202e+10
2.230223297965938e-02 4.474393201278394e+10
2.245697995539774e-02 4.443865984037436e+10
2.261280066337278e-02 4.413093509882325e+10
2.276970255381680e-02 4.382076496113335e+10
2.292769312865650e-02 4.350815751439973e+10
2.308677994187169e-02 4.319312178294015e+10
2.324697059985648e-02 4.287566775162453e+10
2.340827276178293e-02 4.255580638939090e+10
2.357069413996728e-02 4.223354967293417e+10
2.373424250023868e-02 4.190891061055341e+10
2.389892566231049e-02 4.158190326614243e+10
2.406475150015424e-02 4.125254278330722e+10
2.423172794237599e-02 4.092084540959348e+10
2.439986297259550e-02 4.058682852080546e+10
2.456916462982791e-02 4.025051064539727e+10
2.473964100886813e-02 3.991191148891660e+10
2.491130026067789e-02 3.957105195847854e+10
2.508415059277540e-02 3.922795418724857e+10
2.525820026962785e-02 3.888264155890921e+10
2.543345761304650e-02 3.853513873208741e+10
2.560993100258458e-02 3.818547166471503e+10
2.578762887593801e-02 3.783366763829617e+10
2.596655972934871e-02 3.747975528205257e+10
2.614673211801092e-02 3.712376459691704e+10
2.632815465648021e-02 3.676572697934393e+10
2.651083601908538e-02 3.640567524490423e+10
2.669478494034321e-02 3.604364365163109e+10
2.688001021537606e-02 3.567966792308093e+10
2.706652070033241e-02 3.531378527107280e+10
2.725432531281029e-02 3.494603441806847e+10
2.744343303228364e-02 3.457645561915291e+10
2.763385290053170e-02 3.420509068357455e+10
2.782559402207124e-02 3.383198299580229e+10
2.801866556459195e-02 3.345717753605500e+10
2.821307675939472e-02 3.308072090025805e+10
2.840883690183302e-02 3.270266131937883e+10
2.860595535175742e-02 3.232304867809309e+10
2.880444153396296e-02 3.194193453273109e+10
2.900430493863992e-02 3.155937212845115e+10
2.920555512182747e-02 3.117541641558741e+10
2.940820170587062e-02 3.079012406511612e+10
2.961225437988034e-02 3.040355348318308e+10
2.981772290019672e-02 3.001576482463447e+10
3.002461709085549e-02 2.962682000548995e+10
3.023294684405778e-02 2.923678271429681e+10
3.044272212064303e-02 2.884571842230154e+10
3.065395295056527e-02 2.845369439237397e+10
3.086664943337273e-02 2.806077968661737e+10
3.108082173869064e-02 2.766704517259688e+10
3.129648010670752e-02 2.727256352811639e+10
3.151363484866479e-02 2.687740924447338e+10
3.173229634734976e-02 2.648165862811924e+10
3.195247505759212e-02 2.608538980065166e+10
3.217418150676372e-02 2.568868269706418e+10
3.239742629528197e-02 2.529161906217696e+10
3.262222009711670e-02 2.489428244517139e+10
3.284857366030044e-02 2.449675819215050e+10
3.307649780744241e-02 2.409913343664594e+10
3.330600343624589e-02 2.370149708799150e+10
3.353710152002930e-02 2.330393981748220e+10
3.376980310825092e-02 2.290655404223755e+10
3.400411932703706e-02 2.250943390668710e+10
3.424006137971424e-02 2.211267526159539e+10
3.447764054734464e-02 2.171637564054445e+10
3.471686818926562e-02 2.132063423378993e+10
3.495775574363275e-02 2.092555185940910e+10
3.520031472796679e-02 2.053123093165754e+10
3.544455673970433e-02 2.013777542645252e+10
3.569049345675230e-02 1.974529084390180e+10
3.593813663804628e-02 1.935388416779669e+10
3.618749812411280e-02 1.896366382198961e+10
3.643858983763545e-02 1.857473962357802e+10
3.669142378402492e-02 1.818722273281726e+10
3.694601205199302e-02 1.780122559968740e+10
3.720236681413068e-02 1.741686190704026e+10
3.746050032748993e-02 1.703424651025619e+10
3.772042493416997e-02 1.665349537334171e+10
3.798215306190734e-02 1.627472550140254e+10
3.824569722466999e-02 1.589805486942995e+10
3.851107002325571e-02 1.552360234734111e+10
3.877828414589457e-02 1.515148762121878e+10
3.904735236885560e-02 1.478183111069960e+10
3.931828755705769e-02 1.441475388246462e+10
3.959110266468459e-02 1.405037755979138e+10
3.986581073580441e-02 1.368882422813128e+10
4.014242490499322e-02 1.333021633668261e+10
4.042095839796308e-02 1.297467659593561e+10
4.070142453219436e-02 1.262232787117207e+10
4.098383671757262e-02 1.227329307190998e+10
4.126820845702954e-02 1.192769503729065e+10
4.155455334718875e-02 1.158565641741383e+10
4.184288507901582e-02 1.124729955063495e+10
4.213321743847287e-02 1.091274633684808e+10
4.242556430717777e-02 1.058211810678627e+10
4.271993966306779e-02 1.025553548738288e+10
4.301635758106795e-02 9.933118263246225e+09
4.331483223376401e-02 9.614985234311808e+09
4.361537789208003e-02 9.301254069747723e+09
4.391800892596086e-02 8.992041158200684e+09
4.422273980505900e-02 8.687461454482885e+09
4.452958509942655e-02 8.387628322812490e+09
4.483855948021188e-02 8.092653376734598e+09
4.514967772036100e-02 7.802646315863324e+09
4.546295469532399e-02 7.517714759599837e+09
4.577840538376619e-02 7.237964077996940e+09
4.609604486828434e-02 6.963497219955388e+09
4.641588833612779e-02 6.694414538953514e+09
4.673795107992461e-02 6.430813616528088e+09
4.706224849841281e-02 6.172789083740653e+09
4.738879609717653e-02 5.920432440881344e+09
4.771760948938746e-02 5.673831875678765e+09
4.804870439655132e-02 5.433072080303185e+09
4.838209664925955e-02 5.198234067467677e+09
4.871780218794631e-02 4.969394985950387e+09
4.905583706365048e-02 4.746627935879778e+09
4.939621743878321e-02 4.530001784142849e+09
4.973895958790065e-02 4.319580980295486e+09
5.008407989848210e-02 4.115425373372652e+09
5.043159487171359e-02 3.917590030014941e+09
5.078152112327673e-02 3.726125054346695e+09
5.113387538414326e-02 3.541075410059166e+09
5.148867450137495e-02 3.362480745170711e+09
5.184593543892910e-02 3.190375219953878e+09
5.220567527846975e-02 3.024787338536605e+09
5.256791122018422e-02 2.865739784702079e+09
5.293266058360561e-02 2.713249262427896e+09
5.329994080844090e-02 2.567326341721324e+09
5.366976945540476e-02 2.427975310322039e+09
5.404216420705915e-02 2.295194031858150e+09
5.441714286865890e-02 2.168973811053958e+09
5.479472336900287e-02 2.049299266600265e+09
5.517492376129126e-02 1.936148212308234e+09
5.555776222398878e-02 1.829491547177385e+09
5.594325706169378e-02 1.729293155015908e+09
5.633142670601355e-02 1.635509814257527e+09
5.672228971644543e-02 1.548091118623581e+09
5.711586478126432e-02 1.466979409281077e+09
5.751217071841613e-02 1.392109719148063e+09
5.791122647641758e-02 1.323409729995431e+09
5.831305113526222e-02 1.260799742990135e+09
5.871766390733255e-02 1.204192663317912e+09
5.912508413831878e-02 1.153493999514061e+09
5.953533130814370e-02 1.108601878118633e+09
5.994842503189409e-02 1.069407074257068e+09
6.036438506075867e-02 1.035793058729042e+09
6.078323128297230e-02 1.007636062166705e+09
6.120498372476699e-02 9.848051567986091e+08
6.162966255132942e-02 9.671623563272287e+08
6.205728806776500e-02 9.545627343960307e+08
6.248788072006891e-02 9.468545620863233e+08
6.292146109610344e-02 9.438794648446963e+08
6.335804992658250e-02 9.454725991983992e+08
6.379766808606283e-02 9.514628495687468e+08
6.424033659394190e-02 9.616730454411918e+08
6.468607661546324e-02 9.759201990953044e+08
6.513490946272803e-02 9.940157640383046e+08
6.558685659571432e-02 1.015765914222154e+09
6.604193962330306e-02 1.040971844056401e+09
6.650018030431118e-02 1.069430089157193e+09
6.696160054853219e-02 1.100932867696944e+09
6.742622241778343e-02 1.135268442139392e+09
6.789406812696110e-02 1.172221501061218e+09
6.836516004510239e-02 1.211573560674052e+09
6.883952069645496e-02 1.253103385569912e+09
6.931717276155404e-02 1.296587428119073e+09
6.979813907830661e-02 1.341800285852093e+09
7.028244264308349e-02 1.388515176057856e+09
7.077010661181890e-02 1.436504426726930e+09
7.126115430111746e-02 1.485539982864928e+09
7.175560918936924e-02 1.535393927094234e+09
7.225349491787214e-02 1.585839013354563e+09
7.275483529196229e-02 1.636649212404362e+09
7.325965428215230e-02 1.687600267715896e+09
7.376797602527735e-02 1.738470260248063e+09
7.427982482564914e-02 1.789040180472807e+09
7.479522515621821e-02 1.839094505924299e+09
7.531420165974372e-02 1.888421782435089e+09
7.583677914997190e-02 1.936815207121665e+09
7.636298261282246e-02 1.984073211082938e+09
7.689283720758310e-02 2.030000039680967e+09
7.742636826811269e-02 2.074406328183715e+09
7.796360130405233e-02 2.117109670466077e+09
7.850456200204509e-02 2.157935178388567e+09
7.904927622696424e-02 2.196716029403601e+09
7.959777002314981e-02 2.233293999878480e+09
8.015006961565405e-02 2.267519981572612e+09
8.070620141149504e-02 2.299254478665104e+09
8.126619200091946e-02 2.328368082698798e+09
8.183006815867394e-02 2.354741922788651e+09
8.239785684528515e-02 2.378268088437186e+09
8.296958520834907e-02 2.398850022308412e+09
8.354528058382867e-02 2.416402880334880e+09
8.412497049736119e-02 2.430853856571322e+09
8.470868266557406e-02 2.442142470263173e+09
8.529644499741021e-02 2.450220812670224e+09
8.588828559546249e-02 2.455053751274930e+09
8.648423275731722e-02 2.456619089112383e+09
8.708431497690725e-02 2.454907677084964e+09
8.768856094587431e-02 2.449923477269570e+09
8.829699955494087e-02 2.441683575389421e+09
8.890965989529158e-02 2.430218140805857e+09
8.952657125996397e-02 2.415570332588253e+09
9.014776314524918e-02 2.397796150442131e+09
9.077326525210229e-02 2.376964229516368e+09
9.140310748756228e-02 2.353155578369748e+09
9.203731996618221e-02 2.326463259654255e+09
9.267593301146879e-02 2.296992013366789e+09
9.331897715733239e-02 2.264857822831304e+09
9.396648314954696e-02 2.230187423898655e+09
9.461848194721997e-02 2.193117758190305e+09
9.527500472427290e-02 2.153795371562801e+09
9.593608287093142e-02 2.112375759331110e+09
9.660174799522646e-02 2.069022660158071e+09
9.727203192450543e-02 2.023907300892715e+09
9.794696670695395e-02 1.977207595019228e+09
9.862658461312820e-02 1.929107297758581e+09
9.931091813749796e-02 1.879795121243373e+09
1.000000000000000e-01 1.829463813560559e+09
1.006938631476027e-01 1.778309205823015e+09
1.013925407558815e-01 1.726529231786434e+09
1.020960662306046e-01 1.674322924869390e+09
1.028044732093310e-01 1.621889397757695e+09
1.035177955630176e-01 1.569426810076825e+09
1.042360673976401e-01 1.517131329893167e+09
1.049593230558228e-01 1.465196095054172e+09
1.056875971184804e-01 1.413810180594059e+09
1.064209244064725e-01 1.363157578612845e+09
1.071593399822671e-01 1.313416197178762e+09
1.079028791516184e-01 1.264756884903155e+09
1.086515774652538e-01 1.217342487891198e+09
1.094054707205742e-01 1.171326945776505e+09
1.101645949633657e-01 1.126854433501504e+09
1.109289864895223e-01 1.084058555405483e+09
1.116986818467823e-01 1.043061598025781e+09
1.124737178364752e-01 1.003973847804426e+09
1.132541315152811e-01 9.668929796197796e+08
1.140399601970033e-01 9.319035217308491e+08
1.148312414543511e-01 8.990764023303726e+08
1.156280131207375e-01 8.684685824512943e+08
1.164303132920877e-01 8.401227794619950e+08
1.172381803286599e-01 8.140672848189240e+08
1.180516528568806e-01 7.903158791242852e+08
1.188707697711903e-01 7.688678468638254e+08
1.196955702359043e-01 7.497080924788802e+08
1.205260936870843e-01 7.328073586626804e+08
1.213623798344241e-01 7.181225469679091e+08
1.222044686631489e-01 7.055971399768468e+08
1.230524004359262e-01 6.951617234235150e+08
1.239062156947916e-01 6.867346057759113e+08
1.247659552630870e-01 6.802225318938864e+08
1.256316602474120e-01 6.755214864823183e+08
1.265033720395904e-01 6.725175821691276e+08
1.273811323186478e-01 6.710880261625013e+08
1.282649830528060e-01 6.711021585910227e+08
1.291549665014884e-01 6.724225548143103e+08
1.300511252173409e-01 6.749061832201456e+08
1.309535020482668e-01 6.784056093072072e+08
1.318621401394748e-01 6.827702362003950e+08
1.327770829355429e-01 6.878475711683142e+08
1.336983741824947e-01 6.934845072192754e+08
1.346260579298910e-01 6.995286084523664e+08
1.355601785329369e-01 7.058293875422364e+08
1.365007806546014e-01 7.122395635479271e+08
1.374479092677537e-01 7.186162881644440e+08
1.384016096573132e-01 7.248223285863854e+08
1.393619274224142e-01 7.307271953307742e+08
1.403289084785873e-01 7.362082036744822e+08
1.413025990599534e-01 7.411514578022887e+08
1.422830457214352e-01 7.454527473351985e+08
1.432702953409831e-01 7.490183466137754e+08
1.442643951218157e-01 7.517657079451877e+08
1.452653925946781e-01 7.536240409806122e+08
1.462733356201130e-01 7.545347714651111e+08
1.472882723907502e-01 7.544518737868382e+08
1.483102514336104e-01 7.533420730361637e+08
1.493393216124252e-01 7.511849136562729e+08
1.503755321299738e-01 7.479726932111710e+08
1.514189325304352e-01 7.437102612997149e+08
1.524695727017575e-01 7.384146851884189e+08
1.535275028780423e-01 7.321147853032883e+08
1.545927736419477e-01 7.248505452925490e+08
1.556654359271062e-01 7.166724029276761e+08
1.567455410205595e-01 7.076404296286150e+08
1.578331405652118e-01 6.978234078592165e+08
1.589282865622978e-01 6.872978170192394e+08
1.600310313738700e-01 6.761467397382437e+08
1.611414277253020e-01 6.644587016337850e+08
1.622595287078087e-01 6.523264586111561e+08
1.633853877809862e-01 6.398457466358044e+08
1.645190587753662e-01 6.271140095851910e+08
1.656605958949914e-01 6.142291212684439e+08
1.668100537200059e-01 6.012881179767739e+08
1.679674872092653e-01 5.883859579840518e+08
1.691329517029649e-01 5.756143242474134e+08
1.703065029252844e-01 5.630604861572617e+08
1.714881969870539e-01 5.508062355527214e+08
1.726780903884356e-01 5.389269113546084e+08
1.738762400216251e-01 5.274905260784028e+08
1.750827031735725e-01 5.165570061839702e+08
1.762975375287206e-01 5.061775567097619e+08
1.775208011717634e-01 4.963941589433985e+08
1.787525525904236e-01 4.872392080185698e+08
1.799928506782476e-01 4.787352953234865e+08
1.812417547374238e-01 4.708951384860201e+08
1.824993244816152e-01 4.637216594951400e+08
1.837656200388171e-01 4.572082092598035e+08
1.850407019542302e-01 4.513389346301655e+08
1.863246311931560e-01 4.460892816481040e+08
1.876174691439121e-01 4.414266265924699e+08
1.889192776207666e-01 4.373110242773339e+08
1.902301188668944e-01 4.336960610868890e+08
1.915500555573528e-01 4.305297984260953e+08
1.928791508020778e-01 4.277557906673742e+08
1.942174681489026e-01 4.253141603145089e+08
1.955650715865949e-01 4.231427120161825e+08
1.969220255479172e-01 4.211780662704610e+08
1.982883949127071e-01 4.193567931910372e+08
1.996642450109793e-01 4.176165265741145e+08
2.010496416260499e-01 4.158970387239959e+08
2.024446509976804e-01 4.141412570722130e+08
2.038493398252462e-01 4.122962045593912e+08
2.052637752709252e-01 4.103138470342697e+08
2.066880249629082e-01 4.081518325465788e+08
2.081221569986339e-01 4.057741093489377e+08
2.095662399480433e-01 4.031514116496761e+08
2.110203428568594e-01 4.002616046386067e+08
2.124845352498883e-01 3.970898829999931e+08
2.139588871343422e-01 3.936288199838015e+08
2.154434690031884e-01 3.898782670749945e+08
2.169383518385184e-01 3.858451073237754e+08
2.184436071149426e-01 3.815428684161986e+08
2.199593068030075e-01 3.769912045110149e+08
2.214855233726359e-01 3.722152586800787e+08
2.230223297965939e-01 3.672449204014199e+08
2.245697995539774e-01 3.621139949029501e+08
2.261280066337277e-01 3.568593031803929e+08
2.276970255381680e-01 3.515197331599257e+08
2.292769312865649e-01 3.461352636944919e+08
2.308677994187170e-01 3.407459838310081e+08
2.324697059985648e-01 3.353911300309761e+08
2.340827276178292e-01 3.301081637468387e+08
2.357069413996728e-01 3.249319109402225e+08
2.373424250023866e-01 3.198937837776452e+08
2.389892566231050e-01 3.150211028695849e+08
2.406475150015424e-01 3.103365360588760e+08
2.423172794237598e-01 3.058576669568753e+08
2.439986297259550e-01 3.015967032272018e+08
2.456916462982790e-01 2.975603310962623e+08
2.473964100886814e-01 2.937497188085455e+08
2.491130026067788e-01 2.901606678344519e+08
2.508415059277538e-01 2.867839066794394e+08
2.525820026962785e-01 2.836055182421573e+08
2.543345761304648e-01 2.806074879361722e+08
2.560993100258460e-01 2.777683563358757e+08
2.578762887593801e-01 2.750639570406680e+08
2.596655972934870e-01 2.724682178750322e+08
2.614673211801092e-01 2.699540015489252e+08
2.632815465648020e-01 2.674939605731641e+08
2.651083601908539e-01 2.650613806223497e+08
2.669478494034321e-01 2.626309867079817e+08
2.688001021537605e-01 2.601796874894371e+08
2.706652070033241e-01 2.576872348088429e+08
2.725432531281028e-01 2.551367780600631e+08
2.744343303228365e-01 2.525152962380261e+08
2.763385290053170e-01 2.498138943817803e+08
2.782559402207126e-01 2.470279555167642e+08
2.801866556459195e-01 2.441571439891232e+08
2.821307675939471e-01 2.412052611171639e+08
2.840883690183304e-01 2.381799591955854e+08
2.860595535175742e-01 2.350923248987059e+08
2.880444153396298e-01 2.319563478557777e+08
2.900430493863992e-01 2.287882944318185e+08
2.920555512182745e-01 2.256060103662694e+08
2.940820170587063e-01 2.224281787397921e+08
2.961225437988034e-01 2.192735616196329e+08
2.981772290019674e-01 2.161602545689587e+08
3.002461709085549e-01 2.131049829240749e+08
3.023294684405776e-01 2.101224673152912e+08
3.044272212064303e-01 2.072248833477780e+08
3.065395295056527e-01 2.044214367308683e+08
3.086664943337274e-01 2.017180705591338e+08
3.108082173869064e-01 1.991173160639743e+08
3.129648010670750e-01 1.966182921709117e+08
3.151363484866480e-01 1.942168528526366e+08
3.173229634734976e-01 1.919058748267166e+08
3.195247505759213e-01 1.896756718935726e+08
3.217418150676372e-01 1.875145164347742e+08
3.239742629528196e-01 1.854092435765441e+08
3.262222009711670e-01 1.833459095301791e+08
3.284857366030043e-01 1.813104728760328e+08
3.307649780744242e-01 1.792894662381712e+08
3.330600343624588e-01 1.772706260193059e+08
3.353710152002929e-01 1.752434496757002e+08
3.376980310825091e-01 1.731996533772065e+08
3.400411932703706e-01 1.711335077046585e+08
3.424006137971425e-01 1.690420350910537e+08
3.447764054734464e-01 1.669250597440220e+08
3.471686818926559e-01 1.647851084585808e+08
3.495775574363275e-01 1.626271686527645e+08
3.520031472796679e-01 1.604583177121696e+08
3.544455673970436e-01 1.582872448784820e+08
3.569049345675230e-01 1.561236930392887e+08
3.593813663804626e-01 1.539778524867845e+08
3.618749812411280e-01 1.518597416887949e+08
3.643858983763544e-01 1.497786111199479e+08
3.669142378402494e-01 1.477424051028918e+08
3.694601205199303e-01 1.457573133990064e+08
3.720236681413066e-01 1.438274390842817e+08
3.746050032748993e-01 1.419546022986648e+08
3.772042493416998e-01 1.401382911387106e+08
3.798215306190736e-01 1.383757617533458e+08
3.824569722466999e-01 1.366622801627413e+08
3.851107002325569e-01 1.349914890627024e+08
3.877828414589458e-01 1.333558745258646e+08
3.904735236885560e-01 1.317473006606118e+08
3.931828755705770e-01 1.301575754602718e+08
3.959110266468459e-01 1.285790086753792e+08
3.986581073580439e-01 1.270049228260265e+08
4.014242490499322e-01 1.254300815155096e+08
4.042095839796306e-01 1.238510048896421e+08
4.070142453219439e-01 1.222661500867561e+08
4.098383671757261e-01 1.206759443305514e+08
4.126820845702952e-01 1.190826692579640e+08
4.155455334718876e-01 1.174902063525852e+08
4.184288507901580e-01 1.159036641099630e+08
4.213321743847289e-01 1.143289169316142e+08
4.242556430717777e-01 1.127720929346590e+08
4.271993966306777e-01 1.112390522158600e+08
4.301635758106795e-01 1.097348981656011e+08
4.331483223376398e-01 1.082635619844082e+08
4.361537789208006e-01 1.068274946936612e+08
4.391800892596086e-01 1.054274920325008e+08
4.422273980505897e-01 1.040626663574245e+08
4.452958509942656e-01 1.027305669155223e+08
4.483855948021186e-01 1.014274367292277e+08
4.514967772036102e-01 1.001485819815898e+08
4.546295469532399e-01 9.888881938426770e+07
4.577840538376616e-01 9.764295957991172e+07
4.609604486828434e-01 9.640628098034541e+07
4.641588833612778e-01 9.517494905314845e+07
4.673795107992463e-01 9.394634103233483e+07
4.706224849841282e-01 9.271924500943860e+07
4.738879609717651e-01 9.149391460660903e+07
4.771760948938746e-01 9.027197482207066e+07
4.804870439655129e-01 8.905618977332240e+07
4.838209664925957e-01 8.785011740065122e+07
4.871780218794631e-01 8.665768819683373e+07
4.905583706365045e-01 8.548275333647582e+07
4.939621743878321e-01 8.432865116296944e+07
4.973895958790063e-01 8.319783929490747e+07
5.008407989848213e-01 8.209163264193726e+07
5.043159487171359e-01 8.101007597524126e+07
5.078152112327676e-01 7.995196454926150e+07
5.113387538414326e-01 7.891500925364074e+07
5.148867450137492e-01 7.789612582328737e+07
5.184593543892912e-01 7.689181277277158e+07
5.220567527846975e-01 7.589857181730801e+07
5.256791122018425e-01 7.491331906937295e+07
5.293266058360562e-01 7.393373612510832e+07
5.329994080844088e-01 7.295851739138928e+07
5.366976945540476e-01 7.198748294936159e+07
5.404216420705915e-01 7.102154342330654e+07
5.441714286865893e-01 7.006252261512740e+07
5.479472336900287e-01 6.911286257872596e+07
5.517492376129123e-01 6.817525177864057e+07
5.555776222398878e-01 6.725222771660455e+07
5.594325706169377e-01 6.634580924846396e+07
5.633142670601358e-01 6.545720997580266e+07
5.672228971644544e-01 6.458667286673254e+07
5.711586478126429e-01 6.373344901051124e+07
5.751217071841613e-01 6.289592246541392e+07
5.791122647641759e-01 6.207186150710513e+07
5.831305113526225e-01 6.125875746589334e+07
5.871766390733255e-01 6.045419876427615e+07
5.912508413831875e-01 5.965622202351864e+07
5.953533130814370e-01 5.886358536795893e+07
5.994842503189409e-01 5.807592110429636e+07
6.036438506075870e-01 5.729374414211431e+07
6.078323128297229e-01 5.651831595085155e+07
6.120498372476697e-01 5.575138777117024e+07
6.162966255132942e-01 5.499486720539001e+07
6.205728806776500e-01 5.425046560151808e+07
6.248788072006894e-01 5.351938727944278e+07
6.292146109610344e-01 5.280211466368484e+07
6.335804992658248e-01 5.209832666963840e+07
6.379766808606282e-01 5.140696392640162e+07
6.424033659394190e-01 5.072642771595754e+07
6.468607661546327e-01 5.005487471503463e+07
6.513490946272803e-01 4.939055146378928e+07
6.558685659571428e-01 4.873210463499214e+07
6.604193962330305e-01 4.807880749863109e+07
6.650018030431118e-01 4.743065902983241e+07
6.696160054853222e-01 4.678833709810100e+07
6.742622241778342e-01 4.615301637327588e+07
6.789406812696106e-01 4.552608917367145e+07
6.836516004510238e-01 4.490884770723939e+07
6.883952069645496e-01 4.430219453412435e+07
6.931717276155407e-01 4.370644243656369e+07
6.979813907830660e-01 4.312124597162606e+07
7.028244264308345e-01 4.254567849503616e+07
7.077010661181889e-01 4.197843637051050e+07
7.126115430111746e-01 4.141812349793164e+07
7.175560918936928e-01 4.086355082189162e+07
7.225349491787214e-01 4.031398171129054e+07
7.275483529196225e-01 3.976926639433189e+07
7.325965428215230e-01 3.922983460410482e+07
7.376797602527730e-01 3.869654944625682e+07
7.427982482564919e-01 3.817045925478143e+07
7.479522515621821e-01 3.765250951878895e+07
7.531420165974368e-01 3.714328723232248e+07
7.583677914997191e-01 3.664286214674840e+07
7.636298261282242e-01 3.615076482642935e+07
7.689283720758313e-01 3.566610598842629e+07
7.742636826811270e-01 3.518780435365939e+07
7.796360130405229e-01 3.471486106859694e+07
7.850456200204510e-01 3.424660585284018e+07
7.904927622696420e-01 3.378284746380807e+07
7.959777002314986e-01 3.332388742486164e+07
8.015006961565405e-01 3.287039439283216e+07
8.070620141149499e-01 3.242317641745223e+07
8.126619200091946e-01 3.198291812989279e+07
8.183006815867390e-01 3.154996049707743e+07
8.239785684528520e-01 3.112418841710358e+07
8.296958520834906e-01 3.070505911812012e+07
8.354528058382863e-01 3.029176133398773e+07
8.412497049736118e-01 2.988345458928728e+07
8.470868266557402e-01 2.947951251275038e+07
8.529644499741025e-01 2.907969250897969e+07
8.588828559546250e-01 2.868417761923317e+07
8.648423275731718e-01 2.829347807268185e+07
8.708431497690724e-01 2.790822658392624e+07
8.768856094587426e-01 2.752893735297551e+07
8.829699955494091e-01 2.715581137293451e+07
8.890965989529158e-01 2.678865494248509e+07
8.952657125996401e-01 2.642693884341325e+07
9.014776314524917e-01 2.606997576659889e+07
9.077326525210223e-01 2.571715090895280e+07
9.140310748756232e-01 2.536812102890787e+07
9.203731996618221e-01 2.502290862166336e+07
9.267593301146884e-01 2.468185694526479e+07
9.331897715733238e-01 2.434546438629888e+07
9.396648314954691e-01 2.401416318198192e+07
9.461848194722002e-01 2.368812944486065e+07
9.527500472427290e-01 2.336719933241290e+07
9.593608287093147e-01 2.305092388604441e+07
9.660174799522646e-01 2.273873882341841e+07
9.727203192450538e-01 2.243017816216616e+07
9.794696670695395e-01 2.212504205046137e+07
9.862658461312821e-01 2.182344828557831e+07
9.931091813749801e-01 2.152574665181695e+07
1.000000000000000e+00 2.123233473630658e+07
